ID_C_AUC,N_1A7D,N_8A14D,N_15a21d,N_22a28d
1,0,0,0,0
2,0,0,0,0
3,0,0,0,0
4,0,0,0,0
5,0,0,0,0
6,0,0,3,1
7,0,0,0,0
8,0,0,0,0
9,0,0,0,0
10,0,0,0,0
11,0,0,0,0
12,0,0,0,0
13,0,0,0,0
14,0,0,0,0
15,0,0,0,0
16,0,0,0,0
17,0,0,0,0
18,9,8,15,7
19,0,2,3,2
20,0,0,0,0
21,0,0,0,0
22,23,14,27,15
23,1,7,10,10
24,3,1,6,1
25,9,20,27,19
26,14,15,26,14
27,0,0,0,0
28,0,0,0,0
29,0,7,5,4
30,11,12,20,6
31,11,12,28,30
32,0,0,0,0
33,0,4,1,0
34,0,0,0,0
35,0,0,0,0
36,0,0,0,0
37,2,4,9,1
38,5,12,16,11
39,0,0,0,0
40,0,0,0,0
41,0,0,0,0
42,1,0,1,0
43,7,6,3,4
44,12,4,18,6
45,13,24,29,22
46,5,13,9,14
47,0,0,0,0
48,0,0,0,0
49,2,4,4,4
50,18,8,10,7
51,5,26,14,23
52,18,24,16,17
53,27,14,34,23
54,6,4,0,3
55,1,0,0,0
56,0,0,0,0
57,5,6,8,2
58,6,5,17,7
59,5,1,3,2
60,7,23,14,8
61,1,6,1,1
62,0,1,0,0
63,0,0,0,0
64,0,0,0,0
65,0,0,0,0
66,0,0,1,0
67,5,7,11,1
68,11,18,11,7
69,4,11,2,4
70,15,6,9,8
71,0,1,2,0
72,0,0,1,0
73,1,1,1,0
74,1,0,0,0
75,0,0,0,0
76,0,0,0,0
77,0,0,0,0
78,0,0,3,0
79,0,0,1,0
80,0,1,0,1
81,0,0,0,0
82,0,0,0,0
83,0,0,0,0
84,0,0,0,0
85,0,0,0,0
86,0,0,0,0
87,0,0,0,0
88,1,0,0,0
89,0,1,0,0
90,0,0,0,0
91,0,1,0,0
92,0,4,0,0
93,0,0,0,0
94,0,0,0,0
95,0,0,0,1
96,0,0,0,0
97,0,0,0,0
98,0,0,0,0
99,0,0,0,0
100,0,0,0,0
101,0,0,0,0
102,0,0,0,0
103,0,0,0,0
104,0,0,0,0
105,0,0,0,0
106,0,0,0,0
107,0,0,0,0
108,0,0,0,0
109,0,0,0,0
110,0,0,0,0
111,0,0,0,0
112,0,0,0,0
113,0,0,0,0
114,0,0,0,0
115,0,0,0,0
116,0,0,0,0
117,0,0,0,0
118,0,0,0,0
119,0,0,0,0
120,0,0,0,0
121,0,0,0,0
122,0,0,0,0
123,0,0,0,0
124,0,0,0,0
125,0,0,0,0
126,0,0,0,0
127,0,0,0,0
128,0,0,0,0
129,0,0,0,0
130,0,0,0,0
131,0,0,0,0
132,0,0,0,0
133,0,0,0,0
134,0,0,0,0
135,0,0,0,0
136,0,0,0,0
137,0,0,0,0
138,0,0,0,0
139,0,0,0,0
140,0,0,0,0
141,0,0,0,0
142,1,3,0,0
143,0,0,0,0
144,0,1,0,0
145,0,0,0,0
146,0,0,0,0
147,0,0,0,0
148,0,0,0,0
149,0,1,0,0
150,0,0,0,0
151,0,0,0,0
152,0,0,0,0
153,0,0,0,0
154,0,0,0,0
155,0,0,0,0
156,0,0,0,0
157,0,0,0,0
158,0,0,0,0
159,0,0,0,0
160,0,0,0,0
161,0,0,0,0
162,0,0,0,0
163,0,0,0,0
164,0,0,0,0
165,0,0,0,0
166,0,0,0,0
167,0,0,0,0
168,0,0,0,0
169,0,0,0,0
170,0,0,0,0
171,0,0,0,0
172,0,0,0,0
173,0,0,0,0
174,0,0,0,0
175,0,0,0,0
176,0,0,0,0
177,0,0,0,0
178,0,0,0,0
179,0,0,0,0
180,0,0,0,0
181,0,0,0,0
182,0,0,0,0
183,0,0,0,0
184,0,0,0,0
185,0,0,0,0
186,0,1,2,0
187,0,0,0,0
188,0,0,0,0
189,0,0,0,0
190,0,0,0,0
191,0,1,0,0
192,0,0,0,0
193,0,0,0,0
194,0,0,0,0
195,0,0,0,0
196,0,0,0,0
197,0,0,0,0
198,0,0,0,0
199,0,0,0,0
200,0,0,0,0
201,0,0,0,0
202,0,0,0,0
203,0,0,0,0
204,0,0,0,0
205,0,0,0,0
206,0,0,0,0
207,0,0,0,0
208,0,0,0,0
209,0,0,0,0
210,0,1,0,0
211,0,0,0,0
212,0,0,0,0
213,3,2,1,0
214,1,7,8,5
215,5,4,11,2
216,0,0,0,0
217,0,0,0,0
218,5,7,5,7
219,14,13,11,12
220,4,14,11,9
221,0,0,0,0
222,1,2,3,2
223,2,17,32,9
224,2,14,21,19
225,0,0,0,2
226,0,2,0,0
227,5,3,7,2
228,12,13,10,16
229,3,3,7,2
230,0,0,0,0
231,0,1,2,8
232,6,24,10,11
233,16,5,6,9
234,0,0,0,0
235,0,0,0,0
236,1,1,7,3
237,0,0,0,0
238,0,3,0,0
239,0,0,0,0
240,0,0,0,0
241,1,2,1,4
242,10,8,10,17
243,0,0,0,0
244,5,5,2,4
245,0,1,1,3
246,0,0,0,0
247,0,2,1,0
248,4,2,2,2
249,0,0,0,0
250,0,1,0,0
251,7,6,8,1
252,3,2,1,6
253,3,4,5,1
254,0,0,2,1
255,0,0,0,0
256,0,0,0,0
257,0,0,0,0
258,0,1,0,2
259,0,3,4,0
260,0,0,0,0
261,0,0,0,0
262,3,5,7,4
263,9,17,10,9
264,3,5,6,6
265,1,5,0,1
266,0,0,0,0
267,0,0,0,0
268,0,0,0,0
269,0,0,0,0
270,0,0,0,0
271,0,0,0,0
272,2,4,0,2
273,4,11,6,6
274,4,6,5,4
275,8,6,5,5
276,1,5,7,6
277,0,0,0,0
278,1,1,0,0
279,0,0,0,0
280,6,5,10,4
281,9,4,14,5
282,5,4,0,3
283,0,0,0,0
284,0,0,0,0
285,0,0,0,0
286,0,0,0,0
287,10,6,15,5
288,1,0,0,2
289,0,0,0,0
290,0,0,0,0
291,0,0,0,0
292,0,0,0,1
293,0,0,0,0
294,0,0,1,0
295,0,0,0,0
296,0,0,0,0
297,0,1,1,0
298,0,0,0,0
299,0,0,0,0
300,0,0,1,0
301,0,0,0,0
302,0,1,0,0
303,0,0,0,0
304,0,0,0,0
305,0,0,0,0
306,0,0,0,0
307,0,0,0,0
308,0,0,0,0
309,0,0,0,0
310,0,0,0,0
311,0,0,0,0
312,0,0,0,0
313,0,0,0,0
314,0,0,0,0
315,0,0,0,0
316,0,0,0,0
317,0,0,0,0
318,0,0,0,0
319,2,2,10,3
320,0,0,0,1
321,0,0,0,0
322,0,0,0,0
323,0,0,0,1
324,0,0,0,0
325,0,0,0,1
326,0,0,0,0
327,0,0,0,0
328,0,0,0,0
329,0,0,0,0
330,0,0,0,0
331,0,0,0,0
332,0,0,0,0
333,0,0,0,0
334,0,0,0,0
335,0,0,0,0
336,0,0,0,0
337,0,0,0,0
338,0,0,0,0
339,0,0,0,0
340,0,0,0,0
341,0,0,0,0
342,0,0,0,0
343,0,0,0,0
344,2,0,0,0
345,0,0,0,0
346,0,0,0,0
347,0,0,0,0
348,0,0,0,0
349,0,0,0,0
350,0,0,0,0
351,0,0,0,0
352,0,0,0,0
353,0,0,0,0
354,0,0,0,0
355,0,0,0,0
356,0,0,0,0
357,0,0,0,0
358,0,0,0,0
359,0,0,0,0
360,0,0,0,0
361,0,0,0,0
362,0,0,0,0
363,0,0,0,0
364,0,0,0,0
365,0,0,0,0
366,0,0,0,0
367,0,0,0,0
368,0,0,0,0
369,0,0,0,0
370,0,0,0,0
371,0,0,0,0
372,0,0,0,0
373,0,0,0,0
374,0,0,0,0
375,0,0,0,1
376,0,0,0,0
377,1,0,0,2
378,1,1,1,2
379,0,0,1,0
380,0,0,0,0
381,0,0,0,0
382,1,2,0,1
383,0,0,0,0
384,0,0,0,0
385,0,0,1,0
386,0,0,0,0
387,0,0,0,0
388,0,0,0,0
389,0,0,0,0
390,0,0,0,0
391,0,0,0,0
392,0,0,0,0
393,0,0,0,0
394,0,0,0,0
395,0,0,0,0
396,0,0,0,0
397,0,0,0,0
398,0,0,0,0
399,0,0,0,0
400,0,0,0,0
401,0,0,0,0
402,0,0,0,0
403,0,0,0,2
404,0,0,0,0
405,0,0,0,0
406,0,0,0,0
407,0,0,0,0
408,0,0,0,0
409,0,0,0,0
410,0,0,0,0
411,0,0,0,0
412,0,0,0,0
413,0,0,0,0
414,0,0,0,0
415,0,0,0,0
416,0,0,0,0
417,0,0,0,0
418,0,0,3,4
419,2,3,0,1
420,0,1,1,0
421,0,0,0,0
422,0,0,0,0
423,0,0,0,0
424,0,0,0,0
425,0,0,0,0
426,0,0,0,0
427,0,0,0,0
428,1,5,2,2
429,0,2,5,4
430,0,1,1,5
431,0,2,0,2
432,0,0,1,0
433,0,0,0,0
434,0,0,0,0
435,0,0,0,0
436,0,0,0,0
437,0,0,0,0
438,3,4,7,10
439,1,6,8,6
440,2,1,3,3
441,1,3,0,1
442,0,0,9,0
443,0,0,0,0
444,0,0,1,1
445,1,6,5,0
446,5,4,5,8
447,3,4,5,6
448,0,1,1,2
449,0,2,5,1
450,0,0,0,1
451,1,2,0,1
452,1,4,0,5
453,0,0,0,0
454,0,0,0,0
455,0,0,0,0
456,0,3,4,2
457,2,5,8,6
458,0,0,0,0
459,0,0,0,0
460,0,0,3,0
461,0,0,0,0
462,0,1,2,0
463,0,1,0,0
464,0,0,0,0
465,0,0,0,0
466,0,0,0,0
467,0,0,0,0
468,0,0,0,0
469,0,0,0,0
470,0,0,0,0
471,0,0,0,0
472,0,0,0,0
473,0,0,0,0
474,0,0,0,0
475,0,0,0,0
476,2,1,0,1
477,0,0,0,0
478,0,0,0,0
479,0,0,0,0
480,0,0,0,2
481,0,0,2,0
482,0,0,0,0
483,0,0,0,0
484,0,0,0,0
485,0,0,2,6
486,0,0,0,0
487,0,0,0,0
488,0,0,0,0
489,0,0,0,0
490,0,0,0,0
491,0,1,1,3
492,0,0,0,0
493,0,0,0,0
494,0,0,0,0
495,0,0,0,0
497,0,0,0,0
498,0,0,0,0
499,0,0,0,0
500,0,0,0,0
501,0,0,0,0
502,1,1,1,0
503,0,2,1,1
504,0,0,0,0
505,0,0,0,0
506,0,0,0,0
507,0,0,0,0
508,0,0,0,0
509,2,1,0,0
510,0,0,0,0
511,6,1,1,3
512,4,3,6,9
513,0,0,0,0
514,0,0,0,0
515,0,0,0,0
516,0,0,0,0
517,0,0,0,0
518,0,0,0,0
519,1,0,0,0
520,0,0,0,0
521,2,2,2,1
522,0,0,0,0
523,0,0,0,0
524,0,0,0,0
525,0,0,0,0
526,0,0,0,0
527,0,0,0,0
528,0,0,0,0
529,0,0,0,0
530,0,0,0,0
531,0,0,0,0
532,0,0,0,0
533,0,0,0,0
534,0,0,0,0
535,0,0,0,0
536,0,0,0,0
537,0,0,0,0
538,0,0,0,0
539,0,0,0,0
540,0,0,0,0
541,0,0,0,2
542,0,0,0,0
543,0,0,0,0
544,0,0,0,0
545,1,1,0,0
546,0,0,0,0
547,1,2,2,0
548,0,1,1,0
549,0,0,0,0
550,0,0,0,0
551,4,2,8,7
552,1,2,0,2
553,1,3,7,5
554,8,5,5,2
555,0,3,5,5
556,3,5,3,0
557,12,17,20,6
558,8,31,12,9
559,0,0,1,0
560,5,7,16,10
561,8,21,18,9
562,0,0,0,0
563,8,10,7,8
564,4,4,9,6
565,9,6,14,6
566,3,0,0,0
567,0,0,0,0
568,0,0,0,2
569,6,8,4,6
570,8,9,9,10
571,2,5,2,1
572,0,0,0,0
573,3,3,1,1
574,4,8,19,9
575,0,1,0,0
576,8,6,4,8
577,13,20,12,10
578,0,0,1,1
579,1,0,0,0
580,2,10,3,3
581,8,10,10,10
582,0,0,0,0
583,2,1,2,0
584,2,5,8,3
585,0,3,5,4
586,0,0,0,0
587,5,5,8,4
588,7,8,7,6
589,0,0,0,0
590,0,0,0,0
591,8,5,6,3
592,10,11,13,22
593,0,0,0,0
594,0,0,2,1
595,4,2,5,4
596,11,5,6,5
597,0,0,0,0
598,2,2,2,2
599,3,2,4,2
600,0,1,1,0
601,0,0,0,0
602,3,0,0,2
603,1,1,4,5
604,0,0,0,0
605,0,0,0,0
606,0,0,0,0
607,0,0,0,0
608,2,4,4,1
609,4,3,2,8
610,0,0,0,0
611,0,0,0,1
612,0,0,3,1
613,0,0,0,0
614,0,0,0,0
615,1,1,1,1
616,0,0,0,0
617,0,1,0,0
618,0,0,0,0
619,0,0,0,0
620,0,0,0,0
621,0,1,0,0
622,0,0,0,0
623,0,0,0,0
624,0,0,0,0
625,0,0,0,0
626,0,0,0,0
627,0,0,0,0
628,0,0,0,0
629,0,0,0,0
630,0,0,0,0
631,0,0,0,0
632,0,0,0,0
633,4,2,0,1
634,0,0,0,0
635,0,0,0,0
636,2,0,0,0
637,0,0,3,4
638,0,0,0,0
639,0,0,0,0
640,0,0,0,1
641,0,0,0,0
642,0,0,0,0
643,0,0,0,0
644,0,0,0,0
645,0,0,0,0
646,0,0,0,0
647,0,0,0,0
648,1,4,2,0
649,4,6,1,0
650,1,0,0,0
651,0,0,0,0
652,0,5,0,0
653,0,0,0,0
654,0,0,0,0
655,0,0,0,0
656,0,0,0,0
657,0,0,0,0
658,0,0,0,0
659,0,0,0,0
660,0,0,0,0
661,0,0,0,0
662,0,0,0,0
663,0,1,0,1
664,0,0,0,0
665,0,0,0,0
666,0,0,0,0
667,0,0,0,0
668,0,0,0,0
669,0,0,0,3
670,0,0,0,0
671,0,0,0,0
672,0,0,0,0
673,0,0,0,0
674,1,10,9,11
675,0,0,0,0
676,0,0,0,0
677,2,2,1,0
678,3,8,5,8
679,1,1,0,3
680,0,2,0,0
681,0,0,0,0
682,0,0,0,0
683,0,0,0,0
684,0,0,0,0
685,0,0,0,0
686,0,0,0,0
687,0,0,0,0
688,0,0,0,0
689,0,0,0,0
690,0,0,0,0
691,0,0,0,0
692,0,0,0,0
693,0,0,0,0
694,0,0,0,0
695,0,0,0,0
696,0,0,0,0
697,0,0,0,0
698,0,0,0,0
699,0,0,0,0
700,0,0,0,0
701,0,0,0,0
702,0,0,0,0
703,0,0,0,0
704,0,0,0,0
705,0,0,0,0
706,0,0,0,0
707,0,0,0,0
708,0,0,0,0
709,0,0,0,0
710,0,0,0,0
711,1,0,0,0
712,0,0,0,0
713,0,0,0,0
714,0,0,0,0
715,0,0,0,0
716,0,0,0,0
717,0,5,0,7
718,0,0,0,0
719,0,0,0,0
720,0,1,0,0
721,0,0,0,0
722,0,0,0,0
723,0,0,1,2
724,0,0,0,0
725,0,0,0,0
726,0,0,0,0
727,0,0,0,0
728,0,0,0,0
729,0,0,0,0
730,0,0,0,0
731,0,0,0,0
732,0,0,0,0
733,0,0,0,0
734,0,0,0,0
735,0,0,0,0
736,0,0,0,0
737,0,0,0,0
738,0,0,0,0
739,0,0,0,0
740,0,0,0,0
741,0,0,0,0
742,0,0,0,1
743,0,0,0,0
744,0,0,0,0
745,0,0,0,0
746,2,1,0,0
747,0,0,0,0
748,0,0,0,0
749,0,0,0,0
750,0,0,0,0
751,0,0,0,0
752,0,0,0,0
753,0,0,1,1
754,0,0,0,0
755,0,2,0,0
756,0,0,0,0
757,0,0,0,0
758,0,0,0,0
759,0,0,0,0
760,4,4,0,0
761,0,0,0,0
762,0,0,0,0
763,0,0,0,1
764,0,0,0,0
765,0,0,0,0
766,0,0,0,0
767,0,1,3,0
768,1,6,2,3
769,1,3,3,2
770,7,2,7,4
771,0,0,0,0
772,0,0,0,0
773,1,1,2,0
774,2,5,4,12
775,0,2,8,1
776,6,2,6,7
777,0,1,1,0
778,0,0,0,0
779,0,0,2,0
780,0,2,1,2
781,0,1,2,5
782,1,2,4,0
783,0,4,3,3
784,0,0,0,0
785,0,0,1,3
786,6,8,6,6
787,0,0,0,3
788,5,4,5,3
789,2,2,1,2
790,4,5,0,0
791,0,0,0,0
792,1,0,1,1
793,0,0,0,0
794,1,1,0,0
795,1,0,0,0
796,0,0,0,0
797,0,0,0,0
798,0,0,0,0
799,0,0,0,0
800,0,1,10,0
801,2,2,5,4
802,0,2,0,1
803,0,0,0,1
804,0,0,0,0
805,1,0,0,0
806,2,1,1,2
807,0,1,5,1
808,0,0,0,0
809,0,0,0,0
810,0,0,0,0
811,0,0,0,0
812,0,0,0,0
813,0,0,0,0
814,0,0,0,0
815,0,0,0,1
816,0,0,1,0
817,1,2,5,0
818,3,0,0,1
819,0,1,1,0
820,0,0,1,0
821,0,0,0,0
822,0,0,0,0
823,0,0,0,0
824,0,0,0,0
825,0,0,0,0
826,0,0,0,0
827,0,0,0,0
828,1,0,0,0
829,0,0,0,0
830,0,0,0,0
831,0,0,0,0
832,0,0,0,0
833,0,0,0,0
834,0,0,0,0
835,0,0,0,0
836,0,0,0,0
837,0,0,0,0
838,0,0,0,0
839,0,0,0,0
840,0,0,0,0
841,0,0,0,0
842,0,0,1,0
843,0,0,0,0
844,0,0,0,0
845,0,0,0,0
846,0,0,0,0
847,0,0,0,0
848,0,1,0,0
849,0,2,0,0
850,0,0,0,0
851,0,0,0,0
852,0,0,0,0
853,0,0,0,0
854,0,0,0,0
855,0,0,0,0
856,0,0,0,0
857,0,0,2,0
858,0,0,0,0
859,0,0,0,0
860,0,0,0,0
861,0,0,0,0
862,0,1,0,0
863,1,0,0,0
864,0,0,0,0
865,0,0,0,0
866,1,0,6,3
867,2,6,6,7
868,0,1,6,4
869,0,0,0,0
870,0,0,0,0
871,0,0,0,0
872,0,0,0,0
873,0,0,0,0
874,0,0,0,0
875,0,0,0,0
876,0,1,0,1
877,0,0,0,0
878,0,0,0,5
879,0,0,0,0
880,1,5,1,1
881,0,0,0,0
882,0,1,0,0
883,1,4,11,1
884,1,0,0,0
885,1,0,0,4
886,0,0,0,0
887,0,0,0,0
888,0,0,0,0
889,0,0,0,0
890,0,0,5,0
891,0,0,0,0
892,0,0,1,0
893,0,0,0,0
894,0,0,0,0
895,0,0,0,0
896,0,0,0,0
897,0,0,7,5
898,0,0,0,0
899,0,0,0,0
900,0,0,0,0
901,0,0,0,0
902,0,8,6,6
903,1,0,0,1
904,0,0,0,0
905,0,0,1,0
906,0,0,0,0
907,0,0,0,0
908,0,0,3,3
909,0,0,1,0
910,6,2,6,6
911,0,0,3,12
912,0,6,0,2
913,0,0,0,0
914,0,1,0,4
915,2,4,6,6
916,1,10,8,11
917,1,8,9,7
918,0,0,0,2
919,0,0,1,0
920,0,0,0,0
921,0,0,0,0
922,2,3,15,17
923,3,12,5,3
924,8,9,7,12
925,0,0,0,0
926,0,0,0,0
927,0,0,1,0
928,0,0,0,0
929,0,0,0,0
930,0,0,0,1
931,0,1,0,0
932,0,0,0,0
933,0,0,0,0
934,0,0,0,0
935,0,0,0,0
936,0,0,0,0
937,0,0,0,0
938,0,0,0,0
939,0,0,0,0
940,0,0,0,0
941,0,0,0,0
942,0,0,0,0
943,0,0,0,0
944,0,0,0,0
945,0,0,0,0
946,0,0,0,0
947,0,0,0,0
948,0,0,0,0
949,0,0,0,0
950,0,0,0,0
951,0,0,0,0
952,0,0,0,0
953,0,0,0,0
954,0,0,0,0
955,0,0,0,0
956,0,0,1,1
957,0,0,0,0
958,0,0,0,0
959,0,0,16,14
960,0,0,0,0
961,0,0,0,0
962,0,0,0,0
963,0,0,0,0
964,0,0,0,0
965,0,0,1,0
966,0,0,0,0
967,0,0,0,0
968,0,0,0,0
969,0,0,3,0
970,0,0,0,0
971,0,0,0,0
972,0,0,0,0
973,0,0,0,0
974,0,0,0,0
975,0,0,0,0
976,0,0,0,0
977,0,0,0,0
978,0,0,0,0
979,0,0,0,0
980,0,0,0,0
981,0,0,0,0
982,0,0,0,0
983,0,0,0,0
984,0,0,0,0
985,0,0,0,0
986,0,0,0,0
987,0,0,0,0
988,0,0,0,0
989,0,0,0,0
990,0,0,0,0
991,0,0,0,0
992,0,0,0,0
993,0,0,1,0
994,0,0,0,0
995,0,0,0,0
996,0,0,0,0
997,0,0,0,0
998,0,0,0,0
999,0,0,0,0
1000,0,0,0,0
1001,0,0,0,0
1002,0,0,0,0
1003,0,0,0,0
1004,0,0,0,0
1005,0,0,0,0
1006,0,1,0,1
1007,0,0,0,0
1008,0,0,0,0
1009,0,0,0,0
1010,0,0,0,0
1011,0,0,0,0
1012,0,2,0,0
1013,0,0,0,1
1014,0,4,0,4
1015,4,1,5,2
1016,0,0,1,3
1017,0,0,0,2
1018,9,13,16,8
1019,1,1,2,4
1020,0,3,1,0
1021,0,0,0,0
1022,0,0,0,0
1023,0,1,0,0
1024,0,4,7,2
1025,1,1,3,3
1026,1,3,1,4
1027,3,0,0,2
1028,2,2,0,0
1029,0,0,0,0
1030,0,0,0,0
1031,0,0,0,0
1032,0,0,0,0
1033,0,0,0,0
1034,0,0,0,0
1035,0,0,1,2
1036,0,1,7,1
1037,0,0,0,0
1038,1,2,0,1
1039,2,2,0,0
1040,0,0,0,0
1041,0,0,0,0
1042,0,0,0,1
1043,0,0,0,0
1044,0,0,0,0
1045,0,0,0,0
1046,2,3,2,0
1047,0,0,1,0
1048,0,0,0,0
1049,0,0,0,0
1050,0,0,0,0
1051,0,0,0,0
1052,0,0,0,0
1053,0,0,0,0
1054,0,0,0,0
1055,0,1,0,0
1056,0,0,0,1
1057,0,0,3,0
1058,1,0,1,0
1059,3,2,1,0
1060,0,0,0,0
1061,0,0,0,0
1062,0,0,1,0
1063,0,0,0,0
1064,0,1,2,0
1065,1,0,0,0
1066,1,1,1,2
1067,2,2,1,1
1068,1,1,2,1
1069,0,0,0,0
1070,0,0,0,0
1071,0,0,0,0
1072,0,1,0,0
1073,0,0,2,0
1074,1,1,0,1
1075,1,3,0,0
1076,1,2,0,0
1077,0,0,0,0
1078,0,1,0,1
1079,0,0,5,0
1080,0,0,0,0
1081,0,0,0,0
1082,0,0,0,0
1083,0,0,0,1
1084,0,0,0,0
1085,0,1,1,1
1086,2,0,1,0
1087,0,2,1,0
1088,0,1,1,0
1089,0,0,0,0
1090,1,0,0,0
1091,0,0,0,0
1092,1,0,0,0
1093,0,0,0,0
1094,0,0,0,0
1095,0,0,0,1
1096,4,3,3,1
1097,0,1,0,0
1098,0,0,0,0
1099,0,0,1,0
1100,1,2,1,0
1101,4,6,1,0
1102,0,2,0,0
1103,0,0,0,0
1104,0,0,0,0
1105,0,2,0,0
1106,0,1,0,0
1107,0,0,0,0
1108,0,0,0,0
1109,0,0,0,0
1110,0,0,0,0
1111,0,0,0,0
1112,0,0,0,0
1113,3,1,6,1
1114,0,1,0,2
1115,0,0,0,0
1116,0,0,0,0
1117,0,0,1,0
1118,0,2,0,1
1119,4,0,3,4
1120,0,2,7,3
1121,1,1,4,3
1122,0,0,0,0
1123,0,0,0,0
1124,0,0,0,0
1125,0,0,0,1
1126,0,0,0,0
1127,1,2,1,1
1128,0,1,0,0
1129,0,1,4,2
1130,0,0,0,1
1131,0,0,0,0
1132,0,1,3,1
1133,0,0,0,0
1134,0,1,0,0
1135,1,1,2,1
1136,6,7,1,3
1137,1,2,4,2
1138,0,0,0,0
1139,0,0,0,0
1140,0,0,0,0
1141,0,0,0,0
1142,0,0,0,0
1143,0,0,0,1
1144,1,0,0,0
1145,2,4,2,2
1146,3,4,8,0
1147,2,2,1,9
1148,0,0,1,0
1149,0,0,0,0
1150,0,0,0,0
1151,0,0,1,0
1152,1,5,8,18
1153,0,1,1,3
1154,0,0,0,0
1155,0,0,0,0
1156,0,0,0,0
1157,0,0,0,0
1158,0,0,0,0
1159,0,0,0,2
1160,0,0,0,0
1161,0,0,0,0
1162,0,0,0,0
1163,0,1,1,3
1164,2,0,2,2
1165,4,7,2,0
1166,0,0,0,0
1167,0,0,0,0
1168,0,2,1,0
1169,0,0,0,0
1170,0,0,0,0
1171,0,0,0,0
1172,0,1,2,5
1173,0,0,2,0
1174,0,0,0,0
1175,0,0,0,0
1176,0,0,0,0
1177,0,0,0,0
1178,0,0,0,0
1179,0,0,0,0
1180,0,0,0,0
1181,0,0,0,2
1182,1,1,7,2
1183,2,3,0,4
1184,1,5,2,6
1185,0,0,0,0
1186,0,0,0,0
1187,0,0,0,0
1188,0,0,0,0
1189,0,0,0,0
1190,0,0,0,0
1191,0,0,2,2
1192,4,0,0,0
1193,0,1,3,4
1194,0,1,1,4
1195,1,0,0,2
1196,0,0,0,0
1197,0,0,0,0
1198,0,0,0,0
1199,0,0,0,0
1200,0,0,0,0
1201,0,0,0,0
1202,0,0,0,0
1203,0,0,0,0
1204,0,0,0,0
1205,1,0,1,0
1206,0,0,0,0
1207,0,0,0,0
1208,0,0,0,0
1209,0,0,0,0
1210,0,0,0,0
1211,0,0,0,0
1212,0,0,0,0
1213,0,0,0,0
1214,0,0,0,0
1215,0,0,0,0
1216,0,0,0,0
1217,0,0,0,0
1218,0,0,0,0
1219,0,1,0,0
1220,0,0,0,0
1221,0,0,0,0
1222,0,0,0,0
1223,0,0,0,0
1224,0,0,0,0
1225,0,1,2,0
1226,0,2,1,1
1227,0,0,0,0
1228,0,0,0,0
1229,0,0,0,0
1230,0,0,0,0
1231,0,0,0,0
1232,0,0,0,0
1233,0,0,0,0
1234,0,0,0,0
1235,0,0,0,0
1236,0,0,0,0
1237,0,0,0,0
1238,1,0,3,5
1239,0,0,0,0
1240,0,0,0,0
1241,0,0,0,2
1242,0,0,0,0
1243,0,0,1,0
1244,0,0,0,0
1245,0,0,0,0
1246,0,0,0,0
1247,0,0,2,0
1248,0,0,0,0
1249,0,0,1,0
1250,0,1,1,0
1251,3,0,1,2
1252,4,1,5,2
1253,0,0,0,0
1254,0,0,0,0
1255,0,0,0,0
1256,0,0,0,0
1257,0,0,1,0
1258,0,0,0,0
1259,0,0,0,0
1260,0,0,0,0
1261,0,0,0,0
1262,0,0,0,0
1263,0,0,0,0
1264,0,0,0,0
1265,0,0,0,1
1266,0,0,0,0
1267,0,0,0,0
1268,0,0,0,0
1269,0,0,0,0
1270,0,0,3,0
1271,0,0,0,0
1272,0,0,0,0
1273,0,0,0,0
1274,0,0,0,0
1275,0,0,1,0
1276,0,0,0,0
1277,0,0,0,0
1278,0,0,1,0
1279,0,0,1,0
1280,0,0,0,0
1281,0,0,0,0
1282,0,0,0,2
1283,0,0,0,0
1284,0,0,0,0
1285,0,0,0,0
1286,0,0,0,0
1287,0,0,0,0
1288,0,0,0,0
1289,0,0,0,0
1290,0,0,0,4
1291,0,0,0,0
1292,0,0,0,0
1293,0,0,0,0
1294,0,0,0,2
1295,0,0,0,0
1296,0,0,0,0
1297,0,0,0,0
1298,0,0,0,0
1299,0,0,0,0
1300,0,0,0,0
1301,0,0,0,0
1302,0,0,0,0
1303,0,0,0,0
1304,0,0,0,0
1305,0,0,0,0
1306,0,0,0,0
1307,0,0,0,0
1308,0,0,0,0
1309,0,0,0,0
1310,0,0,0,0
1311,0,0,1,0
1312,0,0,0,0
1313,0,0,0,2
1314,0,0,0,0
1315,0,6,5,4
1316,0,0,2,1
1317,0,0,0,0
1318,0,1,3,1
1319,1,1,4,3
1320,0,0,0,0
1321,0,0,0,0
1322,0,0,0,2
1323,1,0,0,0
1324,0,0,0,0
1325,0,0,0,0
1326,0,0,0,0
1327,0,0,0,0
1328,0,0,0,0
1329,0,0,0,0
1330,0,0,1,0
1331,0,0,2,0
1332,0,0,0,0
1333,0,0,0,0
1334,0,0,0,0
1335,4,1,9,4
1336,0,0,0,0
1337,0,0,0,0
1338,0,0,0,0
1339,0,0,0,0
1340,1,2,0,0
1341,0,0,0,0
1342,0,0,0,0
1343,0,0,0,0
1344,0,0,0,0
1345,0,0,0,0
1346,0,0,0,0
1347,0,0,0,0
1348,0,0,0,0
1349,0,0,0,0
1350,0,0,0,0
1351,0,0,0,0
1352,0,0,0,0
1353,0,0,0,0
1354,0,0,0,0
1355,0,0,0,0
1356,0,0,0,0
1357,0,0,0,0
1358,0,0,0,0
1359,0,0,0,0
1360,0,0,0,0
1361,0,0,0,0
1362,0,0,0,0
1363,0,0,0,0
1364,0,0,1,0
1365,0,0,0,0
1366,0,0,0,0
1367,0,0,0,0
1368,0,0,0,0
1369,0,0,0,0
1370,0,0,0,0
1371,0,0,0,0
1372,0,0,0,0
1373,0,0,0,0
1374,0,0,0,0
1375,0,0,0,0
1376,0,1,0,0
1377,0,0,0,0
1378,0,0,0,0
1379,0,0,0,0
1380,2,0,0,0
1381,0,0,1,0
1382,0,0,0,0
1383,0,0,0,0
1384,0,0,0,0
1385,0,0,0,0
1386,0,0,0,0
1387,0,0,1,0
1388,0,0,0,2
1389,0,0,0,0
1390,0,0,1,0
1391,0,0,0,0
1392,0,0,0,0
1393,0,0,0,0
1394,0,0,0,0
1395,0,2,0,0
1396,0,0,0,0
1397,4,7,15,9
1398,3,3,12,7
1399,0,1,0,2
1400,0,0,0,0
1401,0,0,0,0
1402,3,2,8,7
1403,3,1,9,6
1404,1,3,5,2
1405,0,0,0,0
1406,0,1,1,1
1407,0,1,2,9
1408,4,5,1,6
1409,3,1,5,3
1410,0,0,0,0
1411,0,0,0,0
1412,0,0,0,0
1413,0,0,0,2
1414,1,1,1,2
1415,0,3,1,8
1416,1,0,0,1
1417,0,0,0,0
1418,0,0,0,0
1419,0,0,0,0
1420,0,0,0,0
1421,0,0,0,0
1422,0,0,0,0
1423,0,0,0,0
1424,0,0,1,0
1425,0,0,0,0
1426,0,0,0,0
1427,0,0,0,1
1428,0,0,0,0
1429,0,0,0,0
1430,0,0,0,0
1431,0,0,0,0
1432,0,1,5,9
1433,0,0,0,0
1434,0,0,0,1
1435,0,0,0,1
1436,0,0,0,0
1437,0,0,0,0
1438,0,0,0,0
1439,0,0,0,0
1440,0,0,0,0
1441,0,1,0,0
1442,0,0,0,0
1443,0,0,0,0
1444,0,0,0,0
1445,0,0,0,0
1446,0,0,0,1
1447,0,0,0,0
1448,0,0,0,0
1449,0,0,0,0
1450,0,0,0,0
1451,0,0,0,0
1452,0,0,0,1
1453,0,0,0,0
1454,0,0,0,0
1455,0,0,0,0
1456,0,0,0,0
1457,0,0,0,0
1458,0,0,0,0
1459,0,0,0,0
1460,0,0,0,0
1461,0,0,0,0
1462,0,0,0,0
1463,0,0,0,0
1464,0,0,0,0
1465,0,0,1,0
1466,1,1,2,1
1467,0,0,0,1
1468,0,0,0,0
1469,0,0,0,0
1470,0,0,0,0
1471,0,0,0,0
1472,0,0,0,0
1473,0,0,0,0
1474,0,0,0,0
1475,0,0,0,0
1476,0,0,0,0
1477,0,0,0,0
1478,0,0,0,0
1479,0,0,0,0
1480,0,0,1,0
1481,0,0,0,0
1482,0,0,0,0
1483,0,0,0,0
1484,0,0,0,0
1485,0,0,0,0
1486,0,0,0,0
1487,0,0,0,0
1488,0,0,0,0
1489,0,0,0,0
1490,0,1,0,0
1491,0,0,0,0
1492,0,0,0,0
1493,0,0,0,0
1494,0,0,0,0
1495,0,0,0,0
1496,0,0,0,0
1497,0,0,1,1
1498,0,0,0,0
1499,0,0,3,1
1500,0,0,0,0
1501,0,0,0,0
1502,0,0,0,0
1503,0,0,0,0
1504,0,0,0,0
1505,0,0,0,0
1506,0,0,0,0
1507,0,0,0,0
1508,0,0,0,0
1509,0,0,0,0
1510,0,0,0,0
1511,0,0,0,0
1512,0,0,0,0
1513,0,0,0,0
1514,0,0,0,0
1515,0,0,1,0
1516,0,0,0,0
1517,0,0,1,2
1518,0,0,0,0
1519,0,0,0,0
1520,1,1,0,0
1521,0,0,0,0
1522,0,0,0,0
1523,0,0,1,0
1524,0,0,0,0
1525,0,0,0,0
1526,0,0,0,0
1527,0,0,0,1
1528,0,0,0,0
1529,0,0,0,1
1530,0,0,0,0
1531,0,0,0,0
1532,1,0,0,0
1533,0,0,0,0
1534,0,0,0,0
1535,0,0,0,0
1536,0,0,0,0
1537,0,0,0,0
1538,0,0,0,0
1539,0,0,0,0
1540,0,0,0,0
1541,0,0,0,0
1542,0,0,0,1
1543,0,0,1,0
1544,0,0,0,0
1545,1,0,0,0
1546,0,0,0,0
1547,0,0,0,0
1548,0,0,0,0
1549,0,0,0,0
1550,0,0,0,0
1551,0,0,0,0
1552,0,0,0,0
1553,0,0,0,0
1554,0,0,0,0
1555,0,0,0,0
1556,0,0,0,0
1557,0,0,0,0
1558,0,0,0,0
1559,0,0,0,0
1560,0,0,0,0
1561,0,0,1,0
1562,0,0,0,0
1563,0,0,0,0
1564,0,0,0,0
1565,0,0,3,0
1566,0,1,0,0
1567,0,0,0,0
1568,0,0,0,0
1569,0,0,0,0
1570,1,0,0,0
1571,0,0,0,0
1572,0,0,1,0
1573,0,0,0,0
1574,0,0,1,0
1575,0,0,0,0
1576,0,0,0,0
1577,0,0,0,0
1578,0,0,0,0
1579,0,0,0,0
1580,0,0,0,0
1581,0,0,0,0
1582,0,0,0,0
1583,1,0,0,0
1584,0,0,0,0
1585,0,0,0,0
1586,0,0,0,0
1587,0,0,0,0
1588,0,0,0,0
1589,0,0,0,0
1590,0,0,0,0
1591,0,0,0,0
1592,0,0,1,0
1593,0,0,0,0
1594,0,0,0,0
1595,0,0,0,0
1596,0,0,0,0
1597,0,0,0,0
1598,0,0,0,0
1599,0,0,0,0
1600,0,0,0,0
1601,0,0,0,0
1602,0,0,0,2
1603,0,1,1,0
1604,0,0,0,0
1605,0,0,0,0
1606,0,0,0,0
1607,0,0,0,0
1608,0,0,0,0
1609,0,0,0,0
1610,1,0,0,1
1611,0,0,0,0
1612,0,0,0,0
1613,0,0,0,0
1614,0,0,0,0
1615,0,0,0,0
1616,0,0,0,0
1617,0,0,0,1
1618,0,0,0,0
1619,0,0,0,0
1620,0,0,0,0
1621,0,0,0,0
1622,0,0,0,0
1623,0,0,0,0
1624,0,0,0,0
1625,0,0,0,0
1626,0,0,0,0
1627,0,0,0,0
1628,0,0,0,0
1629,0,1,0,0
1630,0,0,0,0
1631,0,0,0,0
1632,0,0,0,0
1633,0,0,0,0
1634,0,0,0,0
1635,0,0,0,0
1636,0,0,0,0
1637,0,0,0,0
1638,0,0,0,0
1639,0,0,0,1
1640,0,0,0,0
1641,0,0,0,0
1642,0,0,0,0
1643,0,0,0,0
1644,0,2,0,0
1645,0,0,0,1
1646,0,1,0,2
1647,0,0,0,0
1648,0,0,0,0
1649,0,0,0,0
1650,0,0,0,0
1651,0,0,0,0
1652,0,0,0,0
1653,0,0,0,0
1654,0,0,0,0
1655,0,0,0,0
1656,0,0,0,0
1657,0,0,0,0
1658,0,0,0,0
1659,0,0,0,0
1660,0,0,0,0
1661,0,0,0,0
1662,0,0,0,0
1663,0,0,2,2
1664,0,0,0,0
1665,0,0,0,0
1666,1,0,1,4
1667,0,0,0,0
1668,0,0,0,0
1669,0,0,0,0
1670,0,0,0,0
1671,0,0,0,0
1672,0,0,0,0
1673,0,0,0,0
1674,0,0,0,0
1675,0,0,0,0
1676,0,0,0,0
1677,0,0,0,0
1678,0,0,0,0
1679,0,0,0,0
1680,0,0,0,0
1681,1,0,0,1
1682,0,0,0,0
1683,0,0,0,0
1684,0,0,0,0
1685,0,0,0,0
1686,0,0,0,0
1687,0,0,0,0
1688,1,0,0,0
1689,0,0,0,0
1690,0,0,0,0
1691,0,0,0,0
1692,0,0,0,0
1693,0,0,0,0
1694,0,0,0,0
1695,0,0,1,1
1696,0,0,2,3
1697,0,0,0,0
1698,0,0,0,0
1699,0,0,0,0
1700,0,0,0,0
1701,0,0,0,0
1702,0,2,0,0
1703,2,1,6,2
1704,0,1,0,0
1705,0,3,1,0
1706,0,0,0,0
1707,0,0,4,3
1708,0,1,2,0
1709,0,0,0,0
1710,0,0,0,0
1711,0,0,0,0
1712,0,0,0,0
1713,3,1,5,0
1714,0,1,3,1
1715,0,0,0,0
1716,0,0,0,0
1717,0,0,0,0
1718,0,0,0,0
1719,0,0,0,0
1720,0,0,0,0
1721,0,0,0,1
1722,0,0,0,0
1723,0,0,0,0
1724,0,0,0,0
1725,0,0,0,0
1726,0,0,0,0
1727,0,0,0,0
1728,0,0,0,0
1729,0,0,0,0
1730,0,0,0,0
1731,0,0,0,0
1732,0,1,0,0
1733,0,0,0,0
1734,0,0,0,0
1735,0,0,0,0
1736,0,0,0,2
1737,0,0,0,0
1738,0,0,0,0
1739,0,0,0,0
1740,0,0,0,0
1741,0,0,0,0
1742,0,0,0,0
1743,0,0,0,0
1744,0,0,0,0
1745,0,0,0,0
1746,0,0,0,0
1747,0,0,0,0
1748,0,0,0,0
1749,0,0,0,0
1750,0,0,0,0
1751,1,0,5,1
1752,0,0,0,0
1753,0,0,0,0
1754,0,0,0,0
1755,0,0,0,0
1756,0,0,0,0
1757,0,0,0,0
1758,1,0,3,1
1759,0,0,0,0
1760,0,0,0,0
1761,0,0,0,0
1762,0,0,0,0
1763,0,0,0,0
1764,0,0,0,0
1765,0,0,0,0
1766,1,1,2,2
1767,0,0,0,0
1768,0,0,0,0
1769,0,0,0,0
1770,0,0,0,0
1771,0,0,0,0
1772,1,1,0,1
1773,0,0,0,0
1774,0,0,0,0
1775,0,0,0,0
1776,0,0,0,0
1777,0,0,0,0
1778,0,0,0,0
1779,0,0,0,0
1780,0,0,0,0
1781,0,0,0,0
1782,0,0,0,0
1783,0,0,0,0
1784,0,0,0,0
1785,0,0,0,0
1786,0,0,0,0
1787,0,0,0,0
1788,0,0,0,0
1789,0,0,0,0
1790,0,0,0,0
1791,0,0,0,0
1792,0,0,0,0
1793,0,0,0,0
1794,0,0,0,0
1795,0,0,1,0
1796,0,0,0,0
1797,0,0,0,0
1798,0,0,0,0
1799,0,0,0,0
1800,0,0,0,0
1801,0,0,0,0
1802,0,0,0,0
1803,0,0,0,0
1804,0,0,0,0
1805,0,0,0,0
1806,0,0,0,0
1807,0,0,0,0
1808,0,0,0,0
1809,0,0,0,0
1810,0,0,0,0
1811,0,0,0,0
1812,0,0,0,0
1813,0,0,0,0
1814,0,0,0,0
1815,0,0,0,0
1816,0,0,0,0
1817,0,0,0,0
1818,0,0,0,0
1819,0,0,0,0
1820,0,0,0,0
1821,0,0,1,2
1822,0,0,1,1
1823,0,0,0,0
1824,0,1,2,3
1825,3,0,6,5
1826,0,0,0,0
1827,0,0,0,0
1828,0,0,3,3
1829,1,0,1,0
1830,0,0,0,0
1831,0,0,0,0
1832,0,0,0,0
1833,0,0,0,0
1834,0,0,0,0
1835,0,0,0,0
1836,0,0,0,0
1837,0,0,0,0
1838,0,0,0,0
1839,0,0,0,0
1840,0,0,0,0
1841,0,2,0,0
1842,0,0,0,0
1843,0,0,0,0
1844,0,0,0,0
1845,0,0,0,0
1846,0,0,0,0
1847,0,1,0,0
1848,0,0,0,0
1849,0,0,0,0
1850,0,0,0,0
1851,0,0,0,0
1852,0,0,1,0
1853,0,0,0,0
1854,0,0,0,0
1855,0,0,0,0
1856,0,0,0,0
1857,0,0,0,0
1858,0,0,0,0
1859,0,0,0,0
1860,0,0,0,0
1861,0,0,0,0
1862,0,0,0,0
1863,0,0,0,0
1864,0,0,0,0
1865,0,0,0,0
1866,0,0,0,0
1867,0,0,0,0
1868,0,0,0,0
1869,0,0,0,0
1870,0,0,0,0
1871,0,0,0,0
1872,0,0,0,0
1873,0,0,0,4
1874,0,0,0,1
1875,0,0,0,2
1876,0,0,0,0
1877,0,0,0,0
1878,0,0,0,0
1879,0,0,0,0
1880,0,0,0,0
1881,0,0,0,0
1882,0,0,0,0
1883,0,0,0,0
1884,0,0,0,0
1885,0,0,0,0
1886,0,0,0,0
1887,0,0,0,0
1888,0,0,0,0
1889,0,0,0,0
1890,0,0,0,0
1891,0,0,0,0
1892,0,0,0,0
1893,0,0,0,0
1894,0,0,0,0
1895,0,0,0,0
1896,0,0,0,0
1897,3,0,0,0
1898,0,0,0,0
1899,1,0,0,0
1900,0,0,0,2
1901,0,0,0,0
1902,0,0,0,0
1903,0,0,0,0
1904,0,0,0,0
1905,1,0,0,0
1906,0,0,0,5
1907,0,0,0,0
1908,0,0,0,0
1909,0,0,4,2
1910,0,0,0,0
1911,0,0,0,0
1912,0,0,0,0
1913,0,0,1,8
1914,0,2,0,2
1915,0,2,1,1
1916,0,0,0,0
1917,0,0,0,0
1918,0,0,0,0
1919,0,0,0,0
1920,0,0,4,1
1921,0,0,0,0
1922,0,0,0,0
1923,0,0,0,2
1924,0,0,0,3
1925,0,0,0,0
1926,0,0,0,0
1927,0,0,0,0
1928,0,0,0,0
1929,1,0,0,0
1930,0,0,0,0
1931,0,0,0,0
1932,0,0,0,0
1933,1,5,1,4
1934,0,2,2,0
1935,0,3,2,1
1936,0,0,0,0
1937,0,0,0,0
1938,0,0,0,0
1939,0,0,0,0
1940,0,0,0,0
1941,0,0,0,0
1942,0,0,0,0
1943,0,0,0,0
1944,0,0,0,1
1945,0,1,0,0
1946,0,0,0,0
1947,0,0,0,0
1948,0,1,0,1
1949,5,8,7,11
1950,4,3,9,2
1951,0,0,0,1
1952,0,0,0,0
1953,0,0,0,0
1954,1,1,1,0
1955,2,3,1,3
1956,3,3,6,1
1957,0,0,0,0
1958,0,1,5,0
1959,0,0,0,0
1960,1,1,0,0
1961,0,0,0,0
1962,0,0,0,0
1963,0,0,0,0
1964,0,0,0,0
1965,0,0,0,0
1966,0,0,0,0
1967,0,0,1,1
1968,0,0,1,1
1969,0,0,0,0
1970,0,0,0,0
1971,0,0,0,0
1972,0,4,4,7
1973,2,1,5,10
1974,0,0,0,0
1975,0,0,0,0
1976,0,0,0,0
1977,0,0,0,0
1978,0,0,0,0
1979,0,0,0,0
1980,0,0,0,0
1981,0,0,1,0
1982,0,0,0,0
1983,0,0,0,1
1984,0,0,0,0
1985,0,0,0,0
1986,0,0,0,0
1987,0,0,0,0
1988,0,0,0,0
1989,0,0,0,0
1990,2,0,0,0
1991,0,0,0,0
1992,0,0,0,0
1993,0,0,0,1
1994,0,0,0,0
1995,0,0,0,0
1996,0,0,0,0
1997,0,0,0,0
1998,0,0,0,0
1999,0,0,0,0
2000,0,0,0,0
2001,0,0,0,0
2002,0,0,0,0
2003,0,0,0,0
2004,0,0,0,0
2005,0,0,0,0
2006,0,0,0,0
2007,0,0,0,0
2008,0,0,0,0
2009,0,0,0,0
2010,0,0,0,0
2011,0,9,2,2
2012,0,0,0,0
2013,0,0,0,0
2014,0,0,0,0
2015,0,0,0,0
2016,0,2,0,0
2017,6,0,6,3
2018,0,0,0,0
2019,0,0,0,0
2020,0,0,0,0
2021,0,0,0,0
2022,0,0,0,0
2023,0,0,0,0
2024,0,0,0,0
2025,0,0,0,0
2026,0,0,0,0
2027,0,0,0,0
2028,0,0,0,0
2029,0,0,0,0
2030,0,0,0,0
2031,0,0,0,0
2032,0,0,0,0
2033,0,0,0,0
2034,0,0,0,0
2035,0,0,0,0
2036,0,0,0,0
2037,0,0,1,0
2038,0,0,0,0
2039,0,0,0,0
2040,0,0,0,0
2041,0,0,1,1
2042,0,0,1,0
2043,0,0,0,0
2044,0,0,0,0
2045,0,0,0,0
2046,0,0,0,0
2047,0,0,0,0
2048,0,0,0,0
2049,1,1,0,0
2050,0,0,0,0
2051,0,0,0,0
2052,1,2,0,1
2053,8,1,0,0
2054,0,0,0,0
2055,0,0,0,0
2056,0,0,0,1
2057,0,0,1,0
2058,0,0,0,1
2059,0,0,0,0
2060,0,0,0,0
2061,0,0,1,1
2062,0,0,0,0
2063,0,0,0,0
2064,1,3,0,1
2065,0,0,0,0
2066,0,0,0,0
2067,0,0,0,0
2068,0,0,0,0
2069,0,0,0,0
2070,0,0,0,0
2071,0,0,0,0
2072,0,0,0,0
2073,0,0,0,0
2074,1,0,0,0
2075,0,0,0,0
2076,0,0,0,0
2077,3,2,0,1
2078,0,0,0,0
2079,0,0,0,0
2080,0,0,0,0
2081,0,0,0,0
2082,0,0,0,0
2083,0,0,0,0
2084,0,0,0,0
2085,0,0,0,0
2086,0,0,0,0
2087,1,0,1,0
2088,0,0,0,0
2089,0,0,0,0
2090,0,0,0,0
2091,0,0,0,0
2092,0,0,0,0
2093,0,0,0,0
2094,0,0,0,0
2095,0,0,0,0
2096,0,0,0,0
2097,0,0,0,0
2098,0,0,0,0
2099,1,0,0,0
2100,0,1,0,0
2101,0,0,0,0
2102,0,1,1,0
2103,0,0,0,0
2104,0,0,0,0
2105,0,0,0,0
2106,0,0,0,0
2107,0,0,0,0
2108,0,0,0,0
2109,0,0,0,0
2110,0,0,1,0
2111,0,0,0,0
2112,0,0,0,2
2113,0,0,0,0
2114,0,0,0,0
2115,0,0,0,0
2116,0,0,0,0
2117,0,0,0,0
2118,0,0,0,0
2119,0,0,0,0
2120,0,2,5,6
2121,0,0,0,0
2122,1,0,0,3
2123,2,6,15,7
2124,5,8,21,8
2125,6,3,7,2
2126,0,0,3,2
2127,0,0,0,3
2128,0,0,0,1
2129,1,2,0,4
2130,2,0,0,0
2131,0,0,1,0
2132,0,0,0,0
2133,0,0,0,0
2134,0,0,0,0
2135,0,0,0,1
2136,0,0,0,0
2137,0,0,0,0
2138,0,0,0,0
2139,0,0,0,0
2140,0,0,0,1
2141,1,0,0,0
2142,0,0,0,0
2143,0,0,1,0
2144,0,0,0,0
2145,0,0,0,0
2146,0,0,0,0
2147,0,3,3,1
2148,1,2,3,3
2149,2,3,1,4
2150,3,0,3,3
2151,0,1,1,0
2152,0,0,0,1
2153,1,0,0,0
2154,0,1,0,0
2155,0,0,0,0
2156,0,0,0,0
2157,0,0,0,0
2158,0,0,0,0
2159,0,0,0,0
2160,0,0,0,0
2161,0,1,2,0
2162,1,0,0,0
2163,0,1,0,0
2164,0,0,0,0
2165,1,0,1,2
2166,1,1,4,2
2167,4,5,4,2
2168,0,2,0,3
2169,0,0,0,0
2170,0,0,0,0
2171,0,0,0,0
2172,0,0,0,0
2173,0,0,0,0
2174,0,0,0,0
2175,0,0,0,0
2176,0,0,0,0
2177,0,0,0,0
2178,0,0,0,0
2179,0,0,0,0
2180,0,0,0,0
2181,0,0,0,0
2182,0,0,0,0
2183,0,0,0,0
2184,0,0,0,0
2185,0,0,0,0
2186,0,0,0,0
2187,0,0,4,0
2188,0,0,3,4
2189,0,0,0,0
2190,0,0,0,0
2191,0,0,0,0
2192,0,0,0,0
2193,0,0,0,0
2194,1,1,2,0
2195,0,0,0,0
2196,0,0,0,0
2197,0,0,0,0
2198,0,0,0,0
2199,0,3,2,6
2200,0,0,0,0
2201,1,3,1,2
2202,0,2,1,0
2203,0,0,0,0
2204,1,0,0,0
2205,0,0,0,0
2206,0,0,0,0
2207,0,0,0,0
2208,0,0,0,0
2209,0,0,0,0
2210,0,1,0,0
2211,0,0,0,0
2212,0,1,0,1
2213,0,0,0,0
2214,0,0,0,0
2215,0,0,0,0
2216,0,0,0,0
2217,0,1,3,5
2218,1,2,3,1
2219,0,1,0,1
2220,0,0,0,0
2221,1,0,1,4
2222,2,2,2,1
2223,0,1,0,0
2224,0,0,0,0
2225,0,1,0,0
2226,0,0,0,0
2227,0,0,0,1
2228,0,0,0,0
2229,0,0,1,0
2230,0,0,1,0
2231,0,0,0,0
2232,0,0,0,0
2233,0,0,0,0
2234,0,0,0,0
2235,1,0,0,0
2236,0,0,0,1
2237,0,1,1,0
2238,0,0,2,0
2239,0,0,0,0
2240,0,0,0,0
2241,0,1,1,1
2242,0,1,0,0
2243,0,0,0,0
2244,0,0,2,0
2245,0,0,0,0
2246,0,0,0,0
2247,0,0,0,0
2248,4,1,4,2
2249,2,3,4,5
2250,1,1,1,8
2251,0,1,1,4
2252,1,15,2,2
2253,0,0,0,0
2254,0,0,0,0
2255,0,0,0,0
2256,0,0,0,0
2257,0,0,0,0
2258,0,0,0,0
2259,0,0,0,0
2260,0,0,0,0
2261,0,0,0,0
2262,0,0,0,0
2263,0,0,0,0
2264,0,0,0,0
2265,0,0,0,6
2266,0,0,2,1
2267,0,0,0,0
2268,0,0,2,0
2269,0,0,0,1
2270,0,0,0,0
2271,0,0,0,0
2272,2,4,5,0
2273,0,0,3,1
2274,0,0,0,0
2275,1,4,0,0
2276,0,0,1,1
2277,0,0,0,0
2278,5,0,0,2
2279,3,6,2,5
2280,0,4,2,6
2281,0,0,0,0
2282,0,0,0,0
2283,0,1,0,0
2284,0,0,0,0
2285,0,0,0,0
2286,2,1,1,2
2287,0,0,0,0
2288,0,0,0,0
2289,0,0,0,0
2290,0,0,0,0
2291,0,0,0,0
2292,0,0,0,0
2293,0,0,0,0
2294,0,0,0,0
2295,0,0,0,0
2296,0,0,0,0
2297,0,0,0,0
2298,4,6,0,2
2299,1,0,1,1
2300,0,0,0,0
2301,0,0,0,0
2302,2,4,6,3
2303,2,1,0,1
2304,0,0,0,0
2305,0,0,1,1
2306,0,0,0,0
2307,0,0,0,2
2308,0,4,0,0
2309,0,1,0,5
2310,0,0,0,0
2311,0,0,0,0
2312,0,0,0,0
2313,0,1,0,0
2314,0,4,0,1
2315,0,0,0,0
2316,0,0,0,0
2317,0,0,0,0
2318,0,0,0,0
2319,0,0,0,0
2320,0,0,0,0
2321,0,4,0,0
2322,0,0,0,0
2323,0,0,0,0
2324,0,3,2,6
2325,0,1,0,0
2326,0,0,1,0
2327,0,0,0,0
2328,0,0,0,0
2329,0,0,0,0
2330,0,3,0,0
2331,0,0,0,0
2332,0,0,2,0
2333,0,0,0,0
2334,1,0,0,0
2335,0,0,0,0
2336,0,0,0,0
2337,0,0,0,0
2338,0,0,0,0
2339,0,0,0,0
2340,0,0,1,1
2341,2,2,2,4
2342,1,1,3,3
2343,0,0,0,0
2344,0,0,0,0
2345,2,2,5,0
2346,0,0,0,0
2347,0,0,0,0
2348,0,0,0,0
2349,0,0,0,0
2350,0,0,0,0
2351,0,0,0,0
2352,0,0,0,0
2353,0,0,0,0
2354,0,0,0,0
2355,0,0,0,0
2356,2,0,0,1
2357,0,4,2,4
2358,0,3,2,3
2359,1,0,0,3
2360,1,10,11,2
2361,0,0,0,0
2362,0,0,0,0
2363,1,0,5,0
2364,0,0,0,0
2365,0,0,0,0
2366,0,0,0,0
2367,1,0,0,0
2368,3,1,1,1
2369,3,2,0,0
2370,13,7,2,3
2371,0,0,0,0
2372,0,0,0,0
2373,0,0,0,0
2374,0,1,0,0
2375,0,0,0,0
2376,0,0,0,0
2377,0,1,0,0
2378,0,0,0,0
2379,0,6,0,1
2380,1,0,3,7
2381,0,1,3,2
2382,0,1,2,1
2383,0,0,1,0
2384,2,0,0,0
2385,3,2,5,0
2386,0,0,0,1
2387,0,0,0,0
2388,0,0,0,1
2389,0,0,0,0
2390,0,0,0,0
2391,0,0,0,0
2392,0,0,1,3
2393,3,0,0,0
2394,1,1,1,0
2395,2,4,1,0
2396,0,1,2,2
2397,0,0,0,0
2398,0,0,0,0
2399,0,2,0,0
2400,0,0,0,0
2401,0,0,0,0
2402,0,0,1,0
2403,1,1,0,0
2404,0,0,0,0
2405,0,0,0,0
2406,6,7,10,3
2407,1,2,2,0
2408,0,1,0,0
2409,0,2,0,1
2410,0,0,0,0
2411,0,1,1,0
2412,0,0,0,0
2413,0,0,0,0
2414,0,0,0,0
2415,0,0,0,0
2416,1,0,0,0
2417,0,0,0,0
2418,0,0,0,0
2419,0,0,0,0
2420,0,0,0,0
2421,0,0,0,0
2422,2,0,0,2
2423,4,0,1,0
2424,0,0,0,0
2425,0,3,2,2
2426,0,0,0,0
2427,1,0,0,1
2428,1,3,6,0
2429,0,1,1,0
2430,0,0,0,0
2431,0,1,0,0
2432,0,0,0,0
2433,0,1,0,0
2434,0,1,1,0
2435,0,0,0,0
2436,0,1,8,1
2437,0,0,0,0
2438,0,1,0,0
2439,0,0,2,0
2440,0,0,0,0
2441,1,0,0,2
2442,0,1,1,2
2443,0,0,0,0
2444,1,0,0,0
2445,0,0,0,1
2446,0,0,0,0
2447,0,0,0,0
2448,1,0,0,0
2449,0,0,0,0
2450,0,1,0,0
2451,0,0,0,0
2452,0,0,0,0
2453,0,0,0,0
2454,0,0,0,0
2455,0,0,1,4
2456,1,1,2,2
2457,2,5,3,5
2458,1,0,2,1
2459,0,0,0,0
2460,0,0,0,0
2461,1,0,0,0
2462,0,0,0,0
2463,0,0,0,0
2464,0,0,0,0
2465,0,0,0,0
2466,0,0,0,0
2467,0,0,0,0
2468,0,0,0,0
2469,6,4,7,7
2470,0,2,0,2
2471,2,2,1,1
2472,0,0,0,0
2473,0,0,0,0
2474,0,1,1,0
2475,5,1,2,5
2476,4,0,4,0
2477,0,0,0,0
2478,0,0,0,0
2479,0,0,0,0
2480,0,2,9,4
2481,0,0,0,0
2482,0,0,0,0
2483,0,0,0,0
2484,0,0,0,0
2485,0,0,0,0
2486,0,0,0,0
2487,0,0,0,0
2488,0,0,0,0
2489,0,0,0,0
2490,0,1,0,1
2491,2,3,2,1
2492,0,1,5,7
2493,0,0,0,0
2494,0,0,0,0
2495,0,0,0,0
2496,0,0,0,0
2497,0,0,0,0
2498,0,0,0,4
2499,0,0,0,0
2500,3,2,0,0
2501,0,1,2,4
2502,0,0,4,2
2503,3,9,8,8
2504,0,0,0,0
2505,0,0,0,0
2506,0,0,0,0
2507,0,0,0,0
2508,0,0,0,0
2509,0,0,0,0
2510,0,0,1,0
2511,0,1,1,1
2512,0,0,0,0
2513,0,0,0,0
2514,1,0,0,0
2515,0,1,0,1
2516,0,0,0,0
2517,0,0,0,0
2518,0,0,0,0
2519,1,0,0,0
2520,2,2,2,2
2521,0,0,0,0
2522,0,0,0,0
2523,0,0,0,0
2524,0,2,0,2
2525,0,0,0,1
2526,0,0,2,0
2527,0,0,0,0
2528,0,0,0,0
2529,0,0,0,0
2530,0,0,0,0
2531,0,0,0,0
2532,1,1,0,6
2533,0,1,1,1
2534,0,0,0,1
2535,0,0,0,0
2536,0,0,0,0
2537,0,0,0,0
2538,0,0,0,0
2539,0,0,0,0
2540,0,0,0,0
2541,0,0,0,0
2542,0,0,0,0
2543,0,0,1,0
2544,0,3,1,0
2545,0,0,0,0
2546,0,0,0,0
2547,0,0,0,0
2548,0,0,1,2
2549,0,1,3,0
2550,1,0,0,0
2551,0,0,0,0
2552,0,0,0,0
2553,0,0,0,0
2554,0,0,0,0
2555,0,0,0,0
2556,0,0,0,0
2557,0,0,0,0
2558,0,3,1,0
2559,0,0,0,0
2560,0,0,3,0
2561,0,0,0,0
2562,0,0,0,0
2563,0,0,0,0
2564,0,0,3,2
2565,2,1,6,5
2566,0,3,7,3
2567,2,0,1,4
2568,1,5,11,4
2569,0,4,4,0
2570,0,0,0,0
2571,0,0,0,0
2572,0,0,0,0
2573,0,1,0,0
2574,4,0,3,0
2575,0,0,0,0
2576,0,0,0,0
2577,0,0,0,0
2578,0,0,0,0
2579,1,0,0,0
2580,1,2,1,0
2581,3,2,0,1
2582,0,3,0,0
2583,0,0,1,1
2584,0,0,0,0
2585,0,0,0,0
2586,0,0,0,0
2587,0,0,0,0
2588,1,0,0,0
2589,0,0,4,0
2590,0,0,0,0
2591,4,4,3,1
2592,9,4,9,11
2593,2,7,13,10
2594,1,5,12,2
2595,2,3,4,3
2596,0,0,0,0
2597,0,2,2,6
2598,0,1,0,6
2599,0,0,0,3
2600,0,0,0,0
2601,0,0,0,0
2602,0,0,0,0
2603,0,0,0,0
2604,0,0,0,0
2605,0,0,0,0
2606,1,2,0,2
2607,0,0,0,0
2608,0,0,0,0
2609,0,0,0,0
2610,0,0,0,0
2611,1,0,1,1
2612,0,2,8,10
2613,1,3,1,3
2614,1,2,1,1
2615,0,7,5,5
2616,1,4,6,6
2617,1,3,2,6
2618,0,1,0,0
2619,0,0,0,0
2620,0,0,0,0
2621,1,3,2,2
2622,4,5,2,3
2623,0,0,0,0
2624,0,0,0,0
2625,0,0,0,0
2626,0,0,0,1
2627,1,1,2,1
2628,2,1,5,2
2629,0,0,0,0
2630,10,3,5,6
2631,2,1,4,0
2632,5,9,9,4
2633,0,1,3,2
2634,0,0,0,0
2635,0,0,0,0
2636,0,0,0,0
2637,0,0,0,0
2638,0,0,2,4
2639,9,2,0,3
2640,0,0,0,0
2641,0,0,0,0
2642,0,0,0,0
2643,0,0,0,0
2644,0,1,0,0
2645,0,0,0,1
2646,0,0,0,0
2647,0,0,0,0
2648,4,7,2,3
2649,2,0,4,4
2650,7,4,6,5
2651,0,0,1,0
2652,1,5,2,5
2653,2,3,2,3
2654,1,4,12,8
2655,0,2,1,1
2656,3,1,2,0
2657,0,0,0,0
2658,0,0,1,2
2659,1,1,0,0
2660,0,0,0,0
2661,7,4,0,1
2662,1,1,0,0
2663,0,0,1,0
2664,0,0,0,0
2665,0,0,0,0
2666,0,0,0,0
2667,0,1,0,0
2668,0,0,0,0
2669,0,0,0,0
2670,0,3,3,5
2671,3,4,11,7
2672,0,14,3,1
2674,0,14,1,1
2675,0,3,12,5
2676,5,4,0,1
2677,5,4,10,5
2678,2,3,0,2
2679,3,6,9,6
2680,1,15,8,4
2681,0,0,3,2
2682,0,4,5,6
2683,3,1,4,3
2684,1,1,0,2
2685,3,9,3,2
2686,0,1,0,0
2687,1,2,0,1
2688,1,2,2,0
2689,0,0,2,3
2690,1,1,3,2
2691,2,16,4,2
2692,6,5,4,5
2693,0,1,0,2
2694,2,3,0,2
2695,2,2,5,0
2696,3,0,0,2
2697,0,0,0,0
2698,0,1,0,1
2699,5,2,3,8
2700,9,9,25,12
2701,6,3,5,1
2702,0,0,1,0
2703,1,1,2,5
2704,2,7,4,5
2705,2,7,11,7
2706,4,5,8,9
2707,9,8,12,7
2708,3,2,1,3
2709,6,19,10,5
2710,1,0,3,6
2711,0,0,0,0
2712,1,3,2,4
2713,0,0,0,0
2714,0,0,0,0
2715,0,3,8,0
2716,0,3,5,2
2717,3,0,2,0
2718,2,1,1,1
2719,1,1,2,3
2720,7,8,1,2
2721,0,6,5,1
2722,2,1,2,5
2723,3,11,6,8
2724,1,3,4,7
2725,4,4,2,2
2726,4,2,1,0
2727,1,1,9,1
2728,0,1,5,6
2729,0,0,0,0
2730,0,0,0,0
2731,3,10,10,18
2732,2,11,11,9
2733,2,6,8,6
2734,4,6,9,3
2735,3,4,9,9
2736,5,5,11,5
2737,3,4,7,6
2738,3,10,11,10
2739,3,4,12,11
2740,2,6,9,2
2741,2,1,2,3
2742,6,4,7,4
2743,0,0,0,0
2744,1,0,0,0
2745,0,0,0,0
2746,0,1,0,0
2747,3,9,6,12
2748,1,3,12,5
2749,4,0,3,1
2750,2,4,0,5
2751,7,3,2,1
2752,3,3,6,6
2753,9,11,7,11
2754,5,10,17,8
2755,11,9,17,7
2756,4,6,1,5
2757,4,10,15,14
2758,5,5,4,3
2759,4,0,4,0
2760,0,2,2,0
2761,0,0,0,0
2762,0,0,0,0
2763,0,2,1,2
2764,1,3,15,11
2765,2,3,1,1
2766,4,9,9,10
2767,2,6,16,9
2768,8,1,7,4
2769,11,8,7,3
2770,0,4,9,9
2771,5,6,6,7
2772,0,0,2,2
2773,1,2,0,0
2774,9,4,11,7
2775,0,0,0,0
2776,0,0,0,0
2777,0,0,0,0
2778,0,0,0,4
2779,1,1,0,2
2780,3,2,5,3
2781,9,0,4,5
2782,1,8,7,3
2783,3,8,10,9
2784,9,4,1,1
2785,9,13,9,9
2786,10,9,6,5
2787,6,0,3,4
2788,5,4,4,4
2789,0,0,2,3
2790,0,0,0,1
2791,1,0,0,0
2792,0,0,0,0
2793,0,0,0,0
2794,0,0,0,0
2795,0,0,0,0
2796,0,0,0,0
2797,1,1,0,0
2798,5,0,0,0
2799,0,1,1,0
2800,1,0,2,0
2801,2,2,8,4
2802,11,1,4,7
2803,0,0,2,1
2804,0,0,2,5
2805,0,0,0,0
2806,0,0,0,0
2807,0,0,0,0
2808,2,0,1,1
2809,11,9,9,5
2810,8,16,9,7
2811,1,0,0,0
2812,0,0,0,0
2813,0,0,0,0
2814,0,0,0,0
2815,0,0,0,0
2816,0,0,0,0
2817,0,0,0,0
2818,0,0,0,0
2819,0,0,0,0
2820,0,0,0,0
2821,0,0,0,0
2822,0,0,0,0
2823,4,0,0,2
2824,0,0,0,0
2825,0,1,0,0
2826,0,1,0,0
2827,0,0,0,0
2828,0,0,0,0
2829,0,0,0,0
2830,0,1,0,0
2831,0,0,1,2
2832,0,0,0,0
2833,0,0,0,1
2834,0,0,0,0
2835,0,0,0,0
2836,0,0,0,0
2837,0,0,0,0
2838,0,0,0,0
2839,0,0,0,0
2840,0,0,0,0
2841,0,0,0,0
2842,1,0,0,0
2843,0,0,0,0
2844,0,0,0,0
2845,0,0,0,0
2846,0,0,0,0
2847,0,0,0,0
2848,0,0,0,0
2849,0,0,0,0
2850,0,0,0,0
2851,0,0,0,0
2852,0,0,0,2
2853,5,13,2,4
2854,3,3,1,2
2855,0,1,6,4
2856,0,0,0,0
2857,0,0,1,0
2858,0,0,0,0
2859,0,1,0,0
2860,0,0,0,0
2861,0,0,0,0
2862,0,1,2,0
2863,9,2,11,4
2864,1,6,2,1
2865,0,0,0,0
2866,0,0,0,0
2867,0,0,0,0
2868,0,0,0,0
2869,0,0,0,0
2870,1,0,0,0
2871,0,0,1,1
2872,1,0,3,1
2873,0,2,2,1
2874,0,0,0,0
2875,0,0,0,0
2876,0,0,0,0
2877,0,0,0,0
2878,0,0,0,0
2879,0,0,0,0
2880,0,0,0,0
2881,2,0,1,0
2882,0,0,0,0
2883,0,0,0,0
2884,0,0,0,0
2885,0,0,0,0
2886,0,0,0,0
2887,0,0,0,0
2888,1,0,1,0
2889,0,0,0,0
2890,0,0,0,0
2891,0,0,0,0
2892,0,0,0,0
2893,0,0,0,0
2894,0,0,0,0
2895,0,0,0,0
2896,0,0,0,0
2897,1,2,4,0
2898,7,4,3,4
2899,1,1,5,4
2900,1,0,0,0
2901,0,0,0,0
2902,0,0,0,0
2903,0,0,0,0
2904,2,0,2,1
2905,5,7,2,15
2906,0,0,0,0
2907,0,0,0,0
2908,0,0,0,0
2909,0,0,0,0
2910,2,0,1,0
2911,1,1,1,0
2912,2,5,12,2
2913,0,0,0,0
2914,1,0,0,1
2915,0,0,0,0
2916,0,0,0,0
2917,0,0,0,0
2918,0,0,0,0
2919,0,0,0,0
2920,0,0,1,0
2921,0,0,0,0
2922,0,0,0,0
2923,0,0,3,2
2924,3,7,9,6
2925,0,0,1,0
2926,0,0,2,0
2927,0,0,0,0
2928,0,0,0,0
2929,0,0,0,0
2930,0,0,0,0
2931,0,0,0,0
2932,0,0,0,0
2933,0,0,0,0
2934,1,0,0,0
2935,0,0,0,0
2936,0,0,0,0
2937,0,1,1,0
2938,1,0,0,1
2939,0,0,0,1
2940,0,0,0,0
2941,0,0,0,0
2942,0,0,0,0
2943,3,1,0,1
2944,0,2,0,0
2945,0,0,1,1
2946,0,0,0,0
2947,0,0,0,1
2948,0,0,0,0
2949,1,0,0,0
2950,0,0,0,0
2951,0,0,0,0
2952,0,0,0,0
2953,0,0,0,0
2954,0,0,0,0
2955,0,0,0,0
2956,0,0,0,0
2957,4,1,2,5
2958,1,0,0,0
2959,0,0,0,0
2960,0,0,0,0
2961,0,0,0,0
2962,0,0,0,0
2963,0,0,0,0
2964,0,0,0,0
2965,0,0,0,0
2966,0,0,0,0
2967,1,0,0,1
2968,0,0,0,0
2969,0,0,0,0
2970,0,0,0,0
2971,0,0,0,0
2972,0,0,0,0
2973,0,0,0,0
2974,0,0,0,0
2975,0,0,0,0
2976,0,0,0,0
2977,0,0,0,0
2978,0,0,0,0
2979,0,0,0,0
2980,0,0,0,0
2981,0,0,0,0
2982,0,0,0,2
2983,0,1,0,1
2984,0,0,0,0
2985,0,0,0,0
2986,0,0,0,0
2987,0,0,0,0
2988,0,0,0,0
2989,0,0,0,0
2990,0,0,2,0
2991,0,0,0,0
2992,0,0,0,0
2993,0,0,0,0
2994,0,0,0,0
2995,0,0,0,0
2996,0,0,0,0
2997,0,0,0,0
2998,0,0,0,0
2999,0,0,0,1
3000,0,0,0,0
3001,0,0,0,0
3002,0,0,0,0
3003,0,0,0,0
3004,0,0,1,0
3005,0,0,0,1
3006,0,0,0,0
3007,0,0,0,0
3008,0,0,0,0
3009,0,0,0,0
3010,0,0,0,0
3011,0,0,0,0
3012,0,0,0,0
3013,0,2,0,0
3014,0,0,0,0
3015,0,0,0,0
3016,0,0,0,0
3017,0,0,0,0
3018,0,0,0,0
3019,0,0,2,0
3020,0,1,0,1
3021,1,0,0,0
3022,0,0,0,1
3023,0,0,0,0
3024,0,0,0,0
3025,0,0,0,3
3026,0,0,0,0
3027,0,0,0,0
3028,0,0,0,0
3029,0,0,0,0
3030,0,0,1,0
3031,0,0,0,0
3032,0,0,0,0
3033,0,0,0,1
3034,0,0,0,0
3035,0,0,0,0
3036,0,0,1,0
3037,0,0,0,0
3038,0,0,0,1
3039,0,0,0,0
3040,0,0,1,0
3041,0,1,0,0
3042,0,0,0,0
3043,0,0,1,1
3044,2,4,2,1
3045,0,1,0,1
3046,0,0,0,0
3047,0,0,0,0
3048,0,0,0,0
3049,2,0,1,1
3050,0,0,0,0
3051,0,0,0,0
3052,1,0,0,0
3053,0,1,0,0
3054,0,0,0,0
3055,1,0,0,0
3056,0,0,0,0
3057,0,0,0,0
3058,2,0,0,0
3059,0,0,0,0
3060,0,0,0,0
3061,0,0,0,0
3062,5,4,2,0
3063,0,2,3,0
3064,0,0,0,0
3065,0,0,0,0
3066,0,0,0,0
3067,0,0,0,0
3068,0,0,0,0
3069,0,0,0,0
3070,0,0,0,0
3071,0,0,0,0
3072,0,0,0,0
3073,0,0,0,0
3074,0,0,0,0
3075,0,0,0,0
3076,0,0,0,0
3077,0,0,1,0
3078,0,0,0,0
3079,0,4,1,1
3080,5,1,1,1
3081,0,0,0,0
3082,0,0,0,0
3083,1,0,1,0
3084,0,0,0,0
3085,0,0,0,0
3086,0,0,0,0
3087,0,0,0,0
3088,1,0,0,0
3089,0,0,0,0
3090,0,0,0,0
3091,0,0,0,0
3092,0,0,1,0
3093,0,0,0,0
3094,0,0,0,0
3095,0,0,0,0
3096,0,0,0,0
3097,0,0,0,0
3098,0,0,0,0
3099,0,0,0,0
3100,0,0,1,0
3101,0,1,0,0
3102,0,0,0,0
3103,0,0,0,0
3104,0,0,0,0
3105,0,0,2,0
3106,0,0,0,0
3107,0,0,0,0
3108,1,0,0,0
3109,0,0,0,0
3110,0,0,0,0
3111,0,1,0,0
3112,0,0,0,0
3113,0,1,1,0
3114,0,0,0,0
3115,0,0,0,0
3116,0,0,0,0
3117,0,0,0,0
3118,0,0,0,0
3119,0,0,0,0
3120,2,0,1,0
3121,0,0,0,0
3122,0,0,0,0
3123,2,0,0,0
3124,0,0,0,0
3125,0,0,0,0
3126,0,0,0,0
3127,0,0,0,0
3128,0,0,0,0
3129,0,0,0,0
3130,0,0,0,0
3131,0,0,0,0
3132,0,0,0,0
3133,0,0,0,0
3134,0,0,0,0
3135,0,0,0,0
3136,0,0,0,0
3137,1,0,4,1
3138,0,0,0,0
3139,1,1,0,1
3140,0,0,0,0
3141,0,0,0,1
3142,0,0,0,0
3143,0,0,0,0
3144,0,0,0,0
3145,0,0,1,0
3146,0,0,9,0
3147,1,1,6,2
3148,0,0,0,0
3149,1,1,0,2
3150,1,2,4,1
3151,2,3,6,0
3152,0,0,0,0
3153,0,0,0,0
3154,0,0,0,0
3155,0,0,0,0
3156,0,0,0,0
3157,0,0,0,0
3158,0,0,0,0
3159,1,0,0,0
3160,0,0,0,0
3161,0,0,0,0
3162,0,0,0,0
3163,0,0,0,0
3164,2,0,0,3
3165,0,3,3,1
3166,1,0,1,4
3167,0,0,0,0
3168,0,0,1,2
3169,0,0,0,0
3170,0,0,0,0
3171,0,0,0,0
3172,0,0,0,0
3173,0,0,0,0
3174,0,0,0,0
3175,0,0,0,0
3176,0,0,0,2
3177,1,0,3,9
3178,0,0,0,0
3179,0,0,0,0
3180,0,0,0,0
3181,0,0,0,0
3182,0,0,0,0
3183,0,0,0,0
3184,0,0,0,0
3185,0,0,0,0
3186,0,0,1,0
3187,1,1,0,0
3188,0,0,0,0
3189,0,0,1,0
3190,0,1,0,0
3191,1,2,0,0
3192,1,2,0,0
3193,1,0,0,0
3194,0,2,0,4
3195,0,0,0,1
3196,0,0,0,0
3197,0,0,0,0
3198,0,0,0,0
3199,0,0,0,0
3200,0,0,0,0
3201,0,0,0,0
3202,0,0,4,0
3203,0,1,0,0
3204,0,0,0,0
3205,0,0,0,0
3206,0,0,0,0
3207,1,0,0,0
3208,0,0,0,0
3209,0,0,0,0
3210,0,0,0,2
3211,0,0,0,0
3212,0,0,0,0
3213,0,1,0,0
3214,1,3,2,4
3215,0,2,0,0
3216,0,0,0,0
3217,0,0,1,1
3218,2,5,2,1
3219,1,1,0,0
3220,0,2,0,0
3221,0,2,1,2
3222,0,1,1,0
3223,0,0,0,0
3224,0,0,0,1
3225,0,0,0,0
3226,0,0,0,0
3227,0,0,0,0
3228,0,0,0,0
3229,0,0,0,0
3230,0,0,0,0
3231,0,0,0,0
3232,1,2,1,1
3233,6,0,7,10
3234,3,2,7,15
3235,1,2,1,0
3236,2,9,7,5
3237,0,0,0,0
3238,1,0,0,0
3239,1,3,2,2
3240,4,3,1,1
3241,0,0,1,1
3242,0,0,0,0
3243,0,0,0,0
3244,0,0,0,0
3245,2,1,0,1
3246,0,2,0,0
3247,1,1,3,2
3248,4,3,1,1
3249,3,9,1,0
3250,0,0,0,0
3251,0,0,0,1
3252,0,0,0,0
3253,0,0,0,0
3254,0,0,0,0
3255,0,0,0,0
3256,0,0,0,0
3257,6,4,5,8
3258,6,13,6,14
3259,6,4,5,13
3260,0,2,5,6
3261,2,3,6,1
3262,0,2,0,0
3263,0,1,0,1
3264,0,3,2,1
3265,3,6,0,2
3266,0,0,0,0
3267,2,1,1,2
3268,2,1,4,1
3269,0,0,0,0
3270,0,0,1,1
3271,0,0,0,0
3272,0,0,0,0
3273,1,1,0,0
3274,2,0,3,0
3275,1,0,2,0
3276,3,2,6,0
3277,0,2,4,6
3278,2,4,9,0
3279,0,0,0,0
3280,0,0,0,0
3281,0,0,0,0
3282,0,0,0,0
3283,0,0,0,0
3284,0,0,0,0
3285,0,0,0,0
3286,0,0,0,0
3287,2,0,1,0
3288,0,3,7,4
3289,0,0,8,2
3290,2,6,5,2
3291,4,4,3,4
3292,0,0,0,0
3293,2,3,3,6
3294,1,2,2,8
3295,2,5,1,6
3296,1,0,1,3
3297,0,0,0,0
3298,2,2,10,7
3299,4,6,12,1
3300,4,0,0,1
3301,0,1,0,0
3302,0,0,0,0
3303,0,0,1,0
3304,0,1,0,1
3305,0,0,0,0
3306,0,2,0,0
3307,0,1,0,3
3308,0,0,0,0
3309,0,2,0,0
3310,0,2,2,1
3311,0,0,0,0
3312,0,0,0,0
3313,0,0,0,0
3314,0,0,0,0
3315,0,0,0,0
3316,0,0,0,0
3317,0,0,0,0
3318,0,0,0,0
3319,0,1,0,0
3320,0,0,0,0
3321,0,0,0,0
3322,0,0,0,0
3323,0,0,0,0
3324,0,0,0,0
3325,0,0,0,0
3326,1,0,0,1
3327,11,5,3,1
3328,0,0,0,0
3329,0,0,0,0
3330,1,1,1,0
3331,2,5,5,2
3332,2,7,6,4
3333,2,8,10,4
3334,1,5,8,5
3335,1,1,1,4
3336,2,3,0,0
3337,2,2,1,1
3338,2,0,0,2
3339,0,0,0,0
3340,0,0,0,0
3341,1,2,1,1
3342,0,1,0,1
3343,0,0,1,0
3344,0,6,2,2
3345,1,2,2,1
3346,0,0,0,1
3347,0,0,1,0
3348,0,0,0,0
3349,0,0,0,0
3350,0,0,0,0
3351,1,0,0,0
3352,1,1,0,3
3353,2,6,2,0
3354,0,0,0,0
3355,0,0,0,0
3356,0,0,0,0
3357,0,1,0,2
3358,0,0,0,0
3359,0,0,0,0
3360,0,0,0,0
3361,0,0,0,0
3362,0,0,0,0
3363,0,0,0,0
3364,0,0,0,1
3365,0,0,0,0
3366,1,2,0,0
3367,0,0,0,0
3368,0,0,0,0
3369,0,3,3,5
3370,3,4,5,4
3371,5,2,5,7
3372,1,1,7,7
3373,0,7,6,4
3374,2,8,2,2
3375,0,2,1,0
3376,0,0,0,0
3377,0,0,0,0
3378,0,1,0,0
3379,1,1,0,0
3380,0,2,1,4
3381,5,1,1,3
3382,3,1,3,2
3383,4,5,0,1
3384,1,3,0,0
3385,1,0,0,0
3386,2,3,1,3
3387,0,1,1,1
3388,0,0,0,0
3389,0,0,1,0
3390,0,0,2,2
3391,0,0,0,0
3392,0,0,0,0
3393,0,0,1,2
3394,1,0,0,7
3395,0,0,0,0
3396,0,0,0,0
3397,0,0,0,0
3398,0,0,0,0
3399,0,0,0,0
3400,0,0,0,0
3401,0,0,0,0
3402,0,3,3,3
3403,4,7,16,20
3404,0,2,7,9
3405,2,3,11,3
3406,0,3,7,5
3407,1,1,9,6
3408,1,1,6,5
3409,0,2,2,3
3410,7,4,4,3
3411,5,0,6,4
3412,5,4,6,5
3413,3,2,3,8
3414,2,6,3,3
3415,0,0,2,1
3416,0,0,0,0
3417,3,6,2,0
3418,1,1,1,2
3419,2,2,2,2
3420,0,3,5,2
3421,2,2,6,4
3422,1,2,4,2
3423,2,0,0,1
3424,1,1,0,1
3425,2,1,2,1
3426,0,0,0,0
3427,0,0,0,0
3428,6,0,0,0
3429,0,0,0,0
3430,0,0,0,0
3431,0,1,1,0
3432,0,0,0,0
3433,0,0,0,0
3434,0,0,0,0
3435,2,0,1,1
3436,0,0,0,0
3437,0,0,0,0
3438,0,0,0,0
3439,0,0,0,0
3440,0,0,0,0
3441,0,0,0,0
3442,0,0,0,0
3443,2,8,24,13
3444,1,10,12,19
3445,5,6,12,11
3446,4,2,4,5
3447,1,5,5,3
3448,2,3,11,10
3449,0,1,2,1
3450,1,7,10,4
3451,5,6,7,7
3452,4,4,2,3
3453,2,4,6,3
3454,0,4,4,5
3455,1,1,0,1
3456,0,0,0,0
3457,1,3,3,1
3458,2,3,2,5
3459,4,4,11,3
3460,2,2,4,7
3461,3,4,4,5
3462,2,6,3,6
3463,2,8,9,3
3464,2,2,2,1
3465,1,1,1,4
3466,0,0,0,0
3467,0,0,0,0
3468,1,0,2,0
3469,1,0,0,0
3470,0,0,0,0
3471,0,0,0,0
3472,0,0,0,0
3473,0,0,0,1
3474,0,0,0,1
3475,0,1,1,0
3476,0,0,0,0
3477,0,0,0,0
3478,0,0,0,0
3479,2,1,5,4
3480,9,1,7,9
3481,4,8,3,5
3482,3,2,4,4
3483,3,1,6,8
3484,3,3,4,3
3485,6,1,4,7
3486,3,4,3,5
3487,1,3,11,4
3488,5,19,10,10
3489,9,9,7,5
3490,4,3,1,2
3491,1,4,4,0
3492,1,2,0,0
3493,0,0,0,0
3494,4,4,0,2
3495,9,7,12,4
3496,2,7,4,3
3497,4,5,3,9
3498,1,6,4,0
3499,2,3,8,2
3500,1,2,2,3
3501,5,6,21,11
3502,0,3,1,0
3503,0,0,0,0
3504,0,0,0,0
3505,0,0,0,0
3506,3,0,1,1
3507,0,0,2,0
3508,0,0,1,0
3509,0,0,0,0
3510,0,0,0,0
3511,0,0,0,0
3512,0,0,0,0
3513,1,0,2,2
3514,6,5,4,7
3515,2,3,6,10
3516,5,2,4,3
3517,2,3,6,1
3518,1,2,4,1
3519,1,0,2,2
3520,1,4,1,1
3521,3,2,3,6
3522,5,2,7,5
3523,13,9,11,3
3524,5,8,5,3
3525,2,7,5,7
3526,0,5,0,1
3527,4,0,2,4
3528,6,5,8,0
3529,2,4,8,6
3530,6,6,6,3
3531,1,4,3,1
3532,3,3,2,2
3533,15,4,2,6
3534,1,0,2,2
3535,4,2,3,2
3536,0,1,2,2
3537,0,0,0,0
3538,0,1,2,1
3539,0,0,0,2
3540,0,0,0,0
3541,0,0,0,0
3542,0,0,0,0
3543,0,0,1,0
3544,3,3,2,0
3545,4,6,15,2
3546,7,7,3,3
3547,4,2,8,2
3548,5,5,9,7
3549,2,1,6,4
3550,9,6,14,2
3551,3,6,4,6
3552,5,3,5,4
3553,6,5,9,10
3554,12,6,16,9
3555,6,3,10,3
3556,4,8,3,3
3557,2,1,5,5
3558,4,6,3,5
3559,1,3,11,2
3560,3,6,3,8
3561,3,3,2,0
3562,0,3,2,1
3563,1,0,0,0
3564,1,2,0,1
3565,0,2,1,1
3566,1,0,2,0
3567,2,0,4,1
3568,0,0,0,0
3569,0,0,0,0
3570,0,0,1,0
3571,0,0,0,0
3572,0,0,0,0
3573,0,0,0,0
3574,0,0,0,0
3575,0,0,0,0
3576,0,0,0,0
3577,0,0,0,0
3578,0,0,0,0
3579,0,7,4,3
3580,3,2,8,5
3581,4,2,12,4
3582,7,6,5,1
3583,3,7,4,5
3584,4,3,3,4
3585,0,15,2,4
3586,4,6,1,8
3587,1,0,1,1
3588,5,1,1,4
3589,5,12,9,2
3590,5,10,6,4
3591,17,11,19,12
3592,5,6,6,6
3593,2,5,3,1
3594,3,2,2,4
3595,9,2,7,5
3596,0,5,1,4
3597,3,2,6,4
3598,8,3,4,0
3599,3,1,2,5
3600,1,2,1,4
3601,0,2,0,1
3602,0,1,5,0
3603,0,0,0,0
3604,0,0,0,0
3605,0,0,0,5
3606,0,0,0,1
3607,0,0,0,0
3608,0,0,0,0
3609,0,1,0,0
3610,0,0,0,0
3611,0,0,0,0
3612,0,1,1,0
3613,0,0,1,0
3614,0,0,0,0
3615,0,0,0,0
3616,0,0,0,0
3617,0,0,0,0
3618,0,0,0,0
3619,2,0,1,0
3620,11,3,4,9
3621,3,2,7,6
3622,1,6,2,6
3623,7,10,2,2
3624,5,15,12,8
3625,8,15,6,3
3626,11,5,12,4
3627,3,2,1,3
3628,3,2,4,1
3629,3,7,10,1
3630,11,4,16,6
3631,8,16,8,8
3632,9,13,12,3
3633,5,1,8,10
3634,1,3,6,4
3635,2,6,2,4
3636,4,7,4,4
3637,1,1,3,3
3638,3,4,11,7
3639,1,2,2,3
3640,0,0,4,1
3641,1,3,5,1
3642,0,0,1,1
3643,0,0,0,0
3644,0,0,0,0
3645,0,0,2,0
3646,0,0,0,1
3647,0,0,2,1
3648,0,0,0,0
3649,0,0,0,0
3650,0,0,0,0
3651,0,0,0,0
3652,0,0,0,0
3653,0,0,0,0
3654,1,1,3,1
3655,0,0,0,0
3656,0,0,0,0
3657,0,0,0,0
3658,1,0,0,0
3659,0,0,0,0
3660,0,0,0,0
3661,0,0,0,0
3662,0,0,0,0
3663,14,15,13,8
3664,10,10,11,6
3665,5,4,6,7
3666,7,0,4,1
3667,1,5,1,0
3668,2,0,4,3
3669,3,3,3,7
3670,1,1,3,1
3671,0,2,1,1
3672,1,0,3,0
3673,7,8,9,6
3674,1,5,9,2
3675,7,6,6,6
3676,3,6,11,6
3677,0,1,0,0
3678,1,3,2,6
3679,7,6,2,3
3680,0,2,0,1
3681,0,3,3,2
3682,4,3,0,1
3683,4,1,1,5
3684,2,5,3,1
3685,3,0,1,1
3686,0,0,0,0
3687,0,0,0,0
3688,0,0,0,0
3689,0,1,0,2
3690,0,0,0,1
3691,0,0,0,0
3692,0,0,0,0
3693,0,0,0,0
3694,0,0,0,0
3695,0,0,0,0
3696,0,0,0,0
3697,0,0,0,0
3698,0,0,0,0
3699,0,0,0,0
3700,0,0,0,0
3701,0,0,0,0
3702,0,0,0,0
3703,0,0,0,0
3704,4,2,2,4
3705,3,7,16,8
3706,1,6,7,3
3707,2,0,1,3
3708,0,5,1,4
3709,3,6,1,1
3710,2,4,12,5
3711,0,0,0,3
3712,2,0,3,2
3713,0,2,1,1
3714,4,0,6,4
3715,1,1,5,1
3716,2,1,2,3
3717,2,4,5,5
3718,4,0,2,1
3719,7,5,9,8
3720,3,5,5,5
3721,4,0,3,3
3722,5,7,6,4
3723,4,5,2,5
3724,3,2,1,4
3725,1,5,5,14
3726,1,2,0,0
3727,0,0,0,0
3728,0,0,0,0
3729,0,0,0,0
3730,0,0,0,1
3731,0,0,0,0
3732,0,0,0,0
3733,0,0,0,0
3734,0,0,0,0
3735,0,0,0,0
3736,0,0,0,0
3737,0,0,0,0
3738,0,0,0,0
3739,0,0,0,0
3740,2,2,4,1
3741,0,5,7,3
3742,3,6,3,3
3743,2,0,3,5
3744,9,4,2,16
3745,0,2,1,1
3746,1,4,1,3
3747,0,0,2,0
3748,0,0,1,2
3749,2,3,4,3
3750,7,2,3,3
3751,2,1,4,2
3752,2,2,0,0
3753,0,0,0,1
3754,1,5,7,1
3755,4,2,3,6
3756,6,3,9,7
3757,3,1,7,6
3758,3,13,23,16
3759,1,4,5,5
3760,0,0,2,3
3761,1,2,4,4
3762,2,1,2,0
3763,0,0,0,0
3764,0,0,0,0
3765,0,0,0,0
3766,0,0,0,0
3767,1,2,1,1
3768,6,7,8,11
3769,3,4,16,5
3770,1,1,6,0
3771,6,6,8,6
3772,2,12,8,5
3773,1,2,0,3
3774,1,0,0,1
3775,0,0,0,0
3776,3,1,4,9
3777,0,1,2,9
3778,4,4,3,2
3779,6,11,11,11
3780,2,7,3,2
3781,3,7,0,1
3782,6,4,5,7
3783,4,3,7,7
3784,2,12,6,3
3785,2,2,5,2
3786,1,0,0,0
3787,0,0,0,1
3788,0,0,0,0
3789,0,1,3,6
3790,0,0,0,0
3791,0,0,0,0
3792,0,0,0,1
3793,0,0,0,0
3794,0,0,0,0
3795,0,0,0,0
3796,0,0,0,0
3797,0,0,0,0
3798,0,0,0,1
3799,2,2,0,0
3800,5,5,5,0
3801,5,18,10,9
3802,1,4,4,4
3803,3,6,3,2
3804,16,6,4,7
3805,5,5,6,5
3806,1,4,2,2
3807,0,0,0,0
3808,0,1,0,2
3809,2,2,10,7
3810,7,4,7,5
3811,1,2,7,5
3812,4,3,4,2
3813,1,5,2,3
3814,1,6,5,9
3815,3,4,1,1
3816,0,0,4,1
3817,4,4,4,1
3818,2,6,10,2
3819,1,4,17,7
3820,0,0,3,1
3821,0,0,1,1
3822,0,0,0,0
3823,0,0,0,1
3824,0,0,0,0
3825,0,0,0,0
3826,0,0,0,0
3827,0,0,0,0
3828,0,0,3,13
3829,0,0,0,0
3830,0,0,1,1
3831,12,9,9,8
3832,4,3,3,1
3833,4,6,5,7
3834,1,1,1,3
3835,3,0,3,5
3836,0,7,3,2
3837,7,2,0,0
3838,0,4,1,1
3839,0,7,5,2
3840,1,5,5,6
3841,7,6,12,8
3842,6,7,10,4
3843,3,7,7,7
3844,3,6,1,7
3845,1,4,1,6
3846,2,5,6,6
3847,3,2,3,6
3848,3,2,4,2
3849,3,4,0,1
3850,4,6,4,3
3851,4,5,5,3
3852,5,1,5,2
3853,2,5,8,3
3854,1,0,2,4
3855,0,0,0,0
3856,2,2,1,1
3857,0,0,0,0
3858,0,0,0,0
3859,0,0,0,0
3860,0,0,0,1
3861,0,0,0,0
3862,0,0,0,0
3863,1,0,4,3
3864,0,0,0,0
3865,15,6,9,12
3866,4,10,13,16
3867,2,2,5,1
3868,0,2,2,2
3869,2,2,2,5
3870,1,2,0,3
3871,0,0,0,0
3872,1,1,0,0
3873,0,2,4,0
3874,1,5,9,5
3875,5,5,7,6
3876,4,1,10,3
3877,2,2,6,7
3878,3,9,6,3
3879,3,1,4,5
3880,7,4,8,5
3881,1,1,11,6
3882,3,2,4,2
3883,2,5,9,2
3884,2,5,11,5
3885,7,1,3,4
3886,6,7,7,9
3887,3,4,3,6
3888,0,1,0,1
3889,0,1,0,0
3890,0,0,0,0
3891,0,0,0,0
3892,0,0,0,0
3893,1,0,0,0
3894,0,0,0,0
3895,0,0,1,0
3896,0,0,0,0
3897,6,1,4,5
3898,1,2,5,5
3899,1,1,4,9
3900,5,4,8,1
3901,0,0,0,0
3902,0,0,0,0
3903,0,0,0,0
3904,0,0,0,0
3905,0,1,1,6
3906,2,2,7,3
3907,1,1,2,0
3908,6,3,2,2
3909,5,2,0,3
3910,3,3,3,8
3911,5,5,2,4
3912,1,1,6,1
3913,1,8,5,5
3914,1,1,3,2
3915,5,2,6,4
3916,4,3,4,4
3917,1,1,2,8
3918,1,1,1,6
3919,1,0,2,1
3920,0,0,0,0
3921,0,0,1,0
3922,0,0,0,0
3923,0,0,0,0
3924,0,1,0,0
3925,0,0,0,0
3926,0,0,1,3
3927,0,0,0,0
3928,0,0,0,0
3929,1,1,0,0
3930,0,0,0,0
3931,4,3,7,7
3932,6,8,11,7
3933,2,5,5,5
3934,2,1,0,0
3935,0,0,0,0
3936,0,0,0,1
3937,0,0,0,0
3938,0,0,0,0
3939,0,1,0,1
3940,0,5,2,4
3941,2,0,1,1
3942,4,10,6,2
3943,2,3,3,5
3944,2,9,0,4
3945,4,4,6,8
3946,7,3,4,8
3947,3,3,3,4
3948,6,15,6,6
3949,3,5,7,9
3950,2,4,2,5
3951,0,1,0,0
3952,5,5,0,3
3953,3,0,1,2
3954,0,2,0,1
3955,0,1,0,1
3956,0,0,0,0
3957,0,0,1,3
3958,0,0,0,1
3959,0,0,0,0
3960,0,0,0,0
3961,0,1,0,0
3962,0,0,0,0
3963,0,0,0,0
3964,0,0,0,1
3965,3,3,4,8
3966,8,3,1,3
3967,1,1,0,1
3968,0,0,0,0
3969,0,3,0,0
3970,0,0,0,0
3971,0,0,0,0
3972,0,0,0,0
3973,0,0,0,0
3974,4,6,4,1
3975,1,2,4,1
3976,3,1,5,7
3977,5,6,3,6
3978,3,4,7,13
3979,4,9,5,2
3980,3,10,18,8
3981,5,3,12,12
3982,6,6,15,10
3983,1,2,2,2
3984,4,2,6,3
3985,1,4,2,2
3986,3,1,0,4
3987,0,0,0,0
3988,0,0,0,0
3989,0,4,3,0
3990,1,2,0,0
3991,0,0,1,0
3992,0,0,0,0
3993,0,0,0,0
3994,0,0,0,0
3995,4,2,6,3
3996,0,1,3,0
3997,1,2,5,1
3998,4,1,3,1
3999,0,0,0,0
4000,0,0,0,0
4001,0,0,0,0
4002,0,0,0,0
4003,0,0,0,0
4004,0,0,0,2
4005,3,2,1,0
4006,2,6,5,8
4007,2,5,4,1
4008,5,2,6,6
4009,7,4,7,6
4010,7,12,6,14
4011,2,12,7,15
4012,7,3,9,9
4013,3,11,7,4
4014,3,1,3,2
4015,3,3,6,2
4016,2,2,3,7
4017,3,5,2,2
4018,0,0,2,0
4019,1,0,0,0
4020,0,0,0,0
4021,0,0,0,0
4022,1,1,0,1
4023,1,4,10,5
4024,0,0,5,3
4025,0,1,0,0
4026,0,0,0,0
4027,3,2,1,0
4028,2,0,2,0
4029,0,1,0,0
4030,1,4,5,1
4031,1,5,1,2
4032,0,0,0,0
4033,0,0,0,0
4034,0,0,0,1
4035,0,0,0,0
4036,0,0,0,0
4037,0,0,0,0
4038,0,3,5,1
4039,2,0,0,0
4040,0,0,0,0
4041,1,3,1,2
4042,0,5,6,7
4043,5,5,4,3
4044,4,8,13,6
4045,12,3,5,12
4046,12,15,21,6
4047,8,5,9,9
4048,7,5,8,10
4049,1,1,5,0
4050,5,5,6,7
4051,3,9,10,10
4052,2,11,11,1
4053,0,3,3,2
4054,1,0,0,0
4055,0,0,0,0
4056,0,0,0,0
4057,0,2,2,0
4058,0,0,1,1
4059,1,1,6,0
4060,0,0,0,0
4061,0,0,0,0
4062,1,0,0,0
4063,0,0,0,0
4064,0,0,0,0
4065,0,2,1,0
4066,1,1,0,6
4067,3,4,4,3
4068,1,2,2,2
4069,3,0,4,0
4070,2,5,2,0
4071,0,0,0,0
4072,0,0,0,0
4073,0,0,0,0
4074,2,3,5,3
4075,3,0,0,2
4076,1,1,3,3
4077,3,11,8,2
4078,7,10,8,10
4079,0,2,1,1
4080,0,0,0,0
4081,0,0,0,0
4082,0,0,0,0
4083,2,4,4,4
4084,4,4,5,1
4085,2,1,2,9
4086,3,2,3,0
4087,8,16,16,14
4088,6,6,2,2
4089,0,1,1,1
4090,0,0,1,0
4091,0,0,0,0
4092,0,6,0,1
4093,0,0,0,0
4094,0,0,1,0
4095,2,1,2,2
4096,0,0,0,0
4097,0,0,1,0
4098,0,0,0,1
4099,0,0,0,0
4100,0,0,0,0
4101,0,0,0,0
4102,0,0,0,0
4103,0,0,0,0
4104,0,0,0,0
4105,0,0,0,0
4106,1,3,1,3
4107,3,4,1,2
4108,8,7,2,7
4109,0,0,0,0
4110,0,0,0,0
4111,0,0,0,0
4112,0,0,0,0
4113,0,0,0,0
4114,5,5,7,7
4115,1,5,11,1
4116,3,2,3,2
4117,3,5,5,3
4118,7,3,2,9
4119,5,8,4,5
4120,6,7,8,10
4121,4,2,4,14
4122,0,0,1,2
4123,1,1,0,0
4124,5,11,14,10
4125,11,5,4,6
4126,0,1,5,2
4127,8,9,7,2
4128,12,8,9,14
4129,1,0,0,2
4130,0,0,0,0
4131,0,0,0,2
4132,1,0,0,0
4133,0,0,0,0
4134,0,0,0,0
4135,0,0,0,0
4136,0,0,0,0
4137,0,0,1,0
4138,0,0,0,0
4139,0,0,0,0
4140,0,0,0,0
4141,0,0,0,0
4142,0,0,0,0
4143,0,0,0,0
4144,0,0,0,0
4145,0,0,0,0
4146,0,0,0,0
4147,0,0,2,2
4148,2,1,0,0
4149,0,0,2,2
4150,0,0,0,0
4151,0,0,0,0
4152,0,0,0,0
4153,0,0,0,0
4154,0,0,0,0
4155,3,3,0,3
4156,0,46,3,4
4157,7,5,2,8
4158,2,4,8,5
4159,3,1,6,6
4160,2,2,1,1
4161,0,2,2,2
4162,0,2,0,0
4163,4,3,5,4
4164,1,6,3,2
4165,11,9,17,13
4166,8,8,5,10
4167,6,3,1,4
4168,7,10,24,5
4169,10,8,14,12
4170,0,5,4,3
4171,0,0,0,0
4172,0,0,0,0
4173,1,0,0,0
4174,1,0,0,0
4175,0,0,0,0
4176,0,0,0,1
4177,0,0,0,0
4178,0,0,0,0
4179,0,0,0,0
4180,0,0,1,1
4181,0,1,2,0
4182,0,0,0,0
4183,0,0,0,0
4184,1,0,0,0
4185,0,0,0,0
4186,0,0,0,0
4187,0,0,0,0
4188,0,0,1,0
4189,1,0,0,1
4190,0,0,0,0
4191,0,0,0,0
4192,0,0,0,0
4193,0,0,1,0
4194,0,0,0,0
4195,0,0,0,1
4196,0,0,0,0
4197,1,0,1,0
4198,1,3,5,10
4199,0,1,3,3
4200,2,6,8,5
4201,4,6,7,6
4202,1,0,1,4
4203,0,0,0,0
4204,0,0,0,0
4205,0,0,0,0
4206,2,2,3,5
4207,0,1,0,1
4208,2,4,4,0
4209,4,9,5,3
4210,3,2,0,3
4211,6,7,13,13
4212,3,5,7,6
4213,1,5,0,4
4214,0,0,0,0
4215,0,0,0,0
4216,0,1,1,2
4217,1,0,0,0
4218,0,0,0,0
4219,0,0,0,0
4220,0,0,0,0
4221,0,6,4,2
4222,1,0,5,1
4223,0,0,0,0
4224,0,0,1,1
4225,2,0,0,0
4226,8,3,3,5
4227,4,1,1,1
4228,7,2,1,2
4229,4,12,7,5
4230,0,1,1,0
4231,0,0,0,0
4232,0,0,0,0
4233,0,0,0,0
4234,0,0,0,1
4235,3,0,0,0
4236,0,0,0,0
4237,0,0,0,0
4238,0,0,0,0
4239,2,1,3,0
4240,2,3,0,6
4241,4,2,3,3
4242,4,4,5,1
4243,0,0,1,0
4244,0,0,0,2
4245,0,0,0,0
4246,0,1,1,0
4247,1,3,2,2
4248,10,3,10,20
4249,1,4,1,0
4250,1,3,2,3
4251,3,2,0,6
4252,1,3,1,3
4253,0,1,3,3
4254,4,6,5,5
4255,5,1,5,3
4256,0,0,0,0
4257,0,0,4,2
4258,1,6,9,16
4259,0,0,0,0
4260,0,0,0,0
4261,0,0,0,0
4262,0,0,0,0
4263,0,0,0,0
4264,2,3,3,2
4265,7,2,4,5
4266,4,7,5,2
4267,0,6,4,9
4268,0,0,5,2
4269,0,0,0,0
4270,0,0,0,0
4271,0,0,2,0
4272,0,0,0,1
4273,0,0,0,0
4274,0,0,0,0
4275,0,0,0,1
4276,0,0,0,0
4277,0,0,0,0
4278,0,0,0,0
4279,0,0,0,0
4280,0,0,0,0
4281,1,7,3,4
4282,3,0,9,1
4283,1,2,2,3
4284,0,0,0,0
4285,0,0,0,0
4286,0,0,0,0
4287,2,7,28,3
4288,6,5,16,4
4289,2,2,3,2
4290,11,7,8,4
4291,6,2,3,4
4292,2,2,1,0
4293,7,2,3,7
4294,0,0,5,4
4295,1,0,0,0
4296,0,0,3,0
4297,0,0,0,0
4298,0,0,0,0
4299,0,0,0,0
4300,1,0,0,2
4301,0,1,6,14
4302,0,0,0,0
4303,0,0,0,0
4304,0,0,0,0
4305,0,0,0,0
4306,0,0,0,0
4307,0,0,1,0
4308,0,0,0,0
4309,1,1,0,0
4310,0,1,0,0
4311,0,0,1,0
4312,0,0,0,0
4313,0,0,0,0
4314,0,0,0,0
4315,0,0,1,0
4316,0,0,1,0
4317,0,0,0,0
4318,0,0,1,0
4319,0,0,1,0
4320,0,0,0,0
4321,0,0,0,0
4322,0,0,0,0
4323,0,0,0,0
4324,4,2,3,6
4325,2,2,2,0
4326,4,1,5,2
4327,1,2,2,0
4328,0,0,0,0
4329,0,1,0,0
4330,19,9,18,12
4331,8,4,12,8
4332,0,1,3,1
4333,4,5,7,7
4334,1,0,2,1
4335,0,0,0,0
4336,0,0,1,0
4337,0,0,1,1
4338,0,0,0,0
4339,1,0,0,0
4340,0,3,0,2
4341,0,1,3,5
4342,0,0,0,2
4343,0,0,0,0
4344,0,0,0,0
4345,0,1,0,0
4346,0,0,0,0
4347,0,0,0,0
4348,0,0,0,1
4349,0,0,0,0
4350,0,0,0,0
4351,0,0,1,1
4352,0,0,0,2
4353,0,0,0,0
4354,0,0,0,0
4355,0,0,1,0
4356,2,0,1,0
4357,0,0,0,0
4358,0,0,0,0
4359,0,0,0,0
4360,0,0,0,0
4361,1,0,0,0
4362,0,0,0,0
4363,0,0,0,0
4364,0,0,0,0
4365,0,0,0,0
4366,0,0,1,1
4367,4,8,12,1
4368,2,4,0,1
4369,1,1,0,0
4370,4,3,1,4
4371,0,0,0,0
4372,0,0,0,1
4373,0,0,0,0
4374,0,0,0,0
4375,0,0,0,0
4376,3,1,3,2
4377,0,0,0,4
4378,0,0,0,0
4379,0,0,0,0
4380,0,0,0,0
4381,0,0,0,0
4382,0,0,0,0
4383,0,0,0,0
4384,0,0,0,0
4385,1,0,0,0
4386,0,0,0,0
4387,0,0,1,0
4388,0,0,0,0
4389,0,0,0,1
4390,0,0,0,1
4391,0,0,0,1
4392,0,0,0,0
4393,0,0,1,0
4394,0,0,0,0
4395,0,0,0,0
4396,0,0,0,0
4397,0,0,0,0
4398,0,1,3,0
4399,0,2,1,1
4400,1,0,2,2
4401,0,0,0,0
4402,0,0,1,0
4403,0,0,0,0
4404,0,0,0,0
4405,0,2,0,1
4406,0,0,0,0
4407,0,0,0,0
4408,0,0,0,0
4409,2,0,1,0
4410,0,0,0,0
4411,0,0,0,0
4412,0,0,0,1
4413,0,0,0,0
4414,0,0,0,0
4415,0,0,0,0
4416,0,0,0,0
4417,0,0,0,0
4418,0,0,1,0
4419,0,0,0,0
4420,0,0,0,0
4421,1,0,0,0
4422,1,0,1,0
4423,1,0,2,0
4424,0,0,1,0
4425,0,0,0,0
4426,0,0,0,0
4427,0,0,0,2
4428,0,0,0,0
4429,0,0,0,0
4430,0,0,0,0
4431,0,0,1,0
4432,0,0,0,0
4433,0,0,0,0
4434,0,0,0,0
4435,0,0,0,0
4436,0,0,0,0
4437,2,0,1,0
4438,0,0,0,0
4439,1,0,0,0
4440,0,0,0,0
4441,0,0,0,1
4442,0,0,0,0
4443,0,0,0,0
4444,1,0,0,0
4445,2,0,0,0
4446,0,0,0,0
4447,0,0,0,0
4448,0,0,0,0
4449,0,1,0,0
4450,0,0,0,0
4451,0,0,1,0
4452,2,3,0,3
4453,7,4,3,0
4454,3,2,1,0
4455,0,0,0,0
4456,0,0,0,0
4457,0,0,0,0
4458,0,0,0,1
4459,0,0,0,0
4460,0,0,0,0
4461,0,0,0,0
4462,0,0,0,0
4463,0,0,0,0
4464,0,0,0,0
4465,0,0,0,0
4466,0,0,0,0
4467,0,1,2,0
4468,0,0,0,0
4469,0,0,0,0
4470,0,0,0,0
4471,0,0,0,0
4472,0,0,0,0
4473,0,0,0,0
4474,0,0,0,0
4475,0,0,0,0
4476,0,0,0,0
4477,0,0,0,0
4478,0,0,0,0
4479,0,0,0,0
4480,0,0,0,0
4481,0,0,0,0
4482,0,1,2,0
4483,0,4,2,1
4484,3,3,3,3
4485,0,0,0,0
4486,0,0,0,0
4487,0,0,0,0
4488,0,0,0,0
4489,0,0,0,0
4490,0,0,0,0
4491,0,0,1,0
4492,3,4,0,5
4493,0,0,2,0
4494,0,0,0,0
4495,0,0,0,0
4496,1,0,0,0
4497,0,0,0,0
4498,0,0,0,0
4499,0,0,0,0
4500,0,0,0,0
4501,0,0,0,0
4502,0,0,0,0
4503,0,0,0,0
4504,0,0,0,0
4505,0,0,1,1
4506,0,0,0,1
4507,0,0,0,2
4508,0,0,0,2
4509,0,0,0,0
4510,0,2,1,1
4511,0,0,0,0
4512,0,0,0,0
4513,0,0,0,0
4514,0,0,0,0
4515,0,2,2,3
4516,0,0,2,0
4517,0,0,0,0
4518,0,0,0,0
4519,3,2,2,2
4520,0,4,1,1
4521,1,0,0,0
4522,0,0,0,0
4523,0,0,0,0
4524,0,0,0,0
4525,0,0,0,0
4526,0,0,0,0
4527,0,0,0,0
4528,0,0,0,0
4529,0,0,1,0
4530,0,0,1,0
4531,0,0,0,0
4532,0,0,0,0
4533,0,1,0,4
4534,2,1,6,2
4535,0,5,0,2
4536,0,1,4,2
4537,0,1,2,2
4538,2,1,1,3
4539,0,0,0,1
4540,0,0,0,0
4541,0,0,0,0
4542,1,0,0,0
4543,0,0,0,0
4544,3,3,8,3
4545,0,5,0,0
4546,5,3,5,4
4547,1,0,1,1
4548,0,0,1,0
4549,0,0,0,0
4550,0,0,3,0
4551,2,1,2,5
4552,0,0,0,0
4553,0,0,0,0
4554,0,0,0,0
4555,0,0,0,0
4556,0,0,0,0
4557,0,0,0,1
4558,4,7,7,3
4559,1,0,2,2
4560,1,2,1,6
4561,1,3,0,1
4562,0,0,0,0
4563,0,0,0,0
4564,0,1,2,1
4565,0,0,2,0
4566,0,0,0,0
4567,1,0,1,0
4568,0,0,0,0
4569,0,0,0,0
4570,0,0,0,0
4571,0,0,0,0
4572,0,0,0,0
4573,0,0,0,0
4574,0,0,0,0
4575,0,0,0,0
4576,0,0,0,0
4577,2,1,0,2
4578,0,4,3,5
4579,0,0,0,0
4580,0,0,0,0
4581,0,0,0,0
4582,0,0,0,0
4583,0,0,0,0
4584,1,0,0,1
4585,0,0,0,0
4586,0,0,0,0
4587,0,0,0,0
4588,0,0,0,0
4589,0,0,0,0
4590,0,0,0,0
4591,0,0,0,0
4592,0,0,0,0
4593,0,0,0,0
4594,0,1,0,0
4595,0,0,0,0
4596,0,0,0,0
4597,0,0,0,0
4598,0,0,0,0
4599,0,0,0,0
4600,0,0,0,0
4601,0,0,1,0
4602,1,2,3,1
4603,0,0,0,0
4604,0,0,0,0
4605,0,0,3,3
4606,0,0,0,0
4607,0,0,1,0
4608,4,5,5,6
4609,0,1,0,2
4610,1,0,0,0
4611,0,0,0,0
4612,0,0,1,0
4613,0,0,0,0
4614,0,0,0,0
4615,0,0,0,0
4616,0,0,0,0
4617,0,0,0,0
4618,0,0,0,0
4619,0,2,1,0
4620,0,0,0,0
4621,0,0,0,0
4622,1,0,2,3
4623,0,0,1,1
4624,0,0,0,0
4625,1,2,4,7
4626,1,2,4,3
4627,0,2,0,0
4628,0,0,0,0
4629,0,0,0,0
4630,0,0,1,0
4631,0,0,0,0
4632,0,1,0,0
4633,0,1,0,0
4634,1,0,0,0
4635,1,0,0,0
4636,0,0,0,0
4637,0,0,0,0
4638,0,0,0,0
4639,0,1,0,0
4640,3,6,10,2
4641,3,6,5,4
4642,1,0,1,1
4643,4,4,4,0
4644,0,0,0,2
4645,2,5,2,1
4646,0,0,0,1
4647,0,0,0,0
4648,0,0,1,0
4649,0,2,0,3
4650,0,0,0,0
4651,0,0,0,0
4652,0,0,0,0
4653,0,0,0,0
4654,0,0,0,0
4655,1,0,0,0
4656,0,0,0,0
4657,0,0,0,0
4658,0,2,3,0
4659,2,7,10,11
4660,1,0,0,0
4661,0,0,0,0
4662,0,0,0,0
4663,0,0,1,1
4664,0,3,1,2
4665,1,2,7,2
4666,3,1,0,0
4667,0,0,0,0
4668,0,0,0,0
4669,0,1,1,0
4670,0,0,0,0
4671,0,0,0,0
4672,0,0,0,0
4673,0,1,0,0
4674,1,1,0,0
4675,0,1,0,0
4676,1,1,1,1
4677,0,0,1,1
4678,0,0,0,0
4679,1,2,1,0
4680,0,0,1,0
4681,0,1,0,0
4682,0,2,0,0
4683,0,0,1,2
4684,2,1,0,4
4685,0,0,0,1
4686,0,0,0,0
4687,0,0,0,0
4688,0,0,0,0
4689,0,0,0,0
4690,0,0,0,0
4691,0,0,0,0
4692,0,0,0,0
4693,0,0,0,0
4694,0,2,1,0
4695,2,2,1,0
4696,0,0,0,0
4697,3,1,2,1
4698,0,0,0,0
4699,0,0,1,0
4700,0,0,0,0
4701,0,1,1,3
4702,0,0,0,0
4703,0,0,0,0
4704,0,0,0,0
4705,0,0,0,0
4706,0,0,0,0
4707,0,0,0,0
4708,0,0,1,1
4709,0,0,0,0
4710,0,0,0,0
4711,0,0,0,0
4712,0,0,0,0
4713,0,0,0,0
4714,0,0,5,6
4715,1,0,3,2
4716,0,0,0,0
4717,0,0,0,0
4718,0,0,0,0
4719,0,0,0,0
4720,0,0,0,0
4721,1,0,0,0
4722,0,1,0,0
4723,0,0,0,0
4724,0,0,0,0
4725,0,0,0,0
4726,0,0,0,0
4727,0,0,0,0
4728,0,0,0,0
4729,0,0,0,0
4730,0,0,0,0
4731,1,0,0,0
4732,0,0,0,0
4733,0,0,0,0
4734,0,0,0,0
4735,0,0,0,0
4736,0,0,0,0
4737,0,0,0,0
4738,0,0,0,0
4739,0,0,0,0
4740,0,0,0,0
4741,0,0,0,0
4742,0,0,0,0
4743,1,0,1,1
4744,0,0,0,0
4745,0,0,0,0
4746,0,0,0,0
4747,0,0,0,0
4748,0,0,0,0
4749,0,0,0,0
4750,0,0,0,1
4751,0,0,0,0
4752,0,0,3,1
4753,0,0,0,0
4754,0,0,0,0
4755,0,0,0,0
4756,1,1,0,7
4757,2,2,3,5
4758,2,1,0,1
4759,2,2,2,3
4760,0,0,0,0
4761,0,0,0,0
4762,0,0,0,0
4763,0,0,0,0
4764,0,0,0,0
4765,0,0,0,0
4766,5,0,0,5
4767,0,3,4,10
4768,0,0,0,0
4769,0,0,0,0
4770,0,0,0,0
4771,0,0,0,0
4772,0,0,0,1
4773,0,0,0,0
4774,0,0,0,4
4775,0,1,4,3
4776,0,0,0,0
4777,0,0,0,1
4778,0,1,0,0
4779,0,0,0,0
4780,0,0,0,0
4781,0,0,0,0
4782,0,0,0,0
4783,0,0,0,0
4784,0,0,1,2
4785,2,2,2,0
4786,0,0,0,0
4787,0,0,2,0
4788,0,0,3,0
4789,2,2,8,7
4790,0,1,2,0
4791,0,1,1,0
4792,2,0,4,2
4793,0,1,2,2
4794,0,0,0,1
4795,0,0,0,0
4796,0,2,1,1
4797,0,0,0,0
4798,0,0,0,0
4799,0,1,0,0
4800,0,0,0,0
4801,0,0,0,0
4802,0,0,0,0
4803,0,0,0,0
4804,0,0,0,0
4805,0,0,1,0
4806,0,0,0,0
4807,0,0,0,0
4808,0,0,0,0
4809,0,0,0,0
4810,0,1,1,2
4811,0,0,0,5
4812,0,0,0,0
4813,0,0,0,0
4814,0,0,0,0
4815,0,0,0,0
4816,0,0,0,0
4817,0,0,0,0
4818,0,0,0,0
4819,0,0,1,0
4820,0,0,0,0
4821,0,0,0,0
4822,0,0,0,0
4823,0,0,0,0
4824,0,0,0,0
4825,0,0,1,0
4826,0,1,0,0
4827,0,0,0,0
4828,0,0,0,0
4829,0,0,0,0
4830,0,0,0,0
4831,0,0,0,0
4832,0,0,1,0
4833,0,0,0,0
4834,0,0,0,0
4835,0,0,0,0
4836,0,0,0,0
4837,0,0,0,1
4838,0,0,0,0
4839,0,3,0,0
4840,0,0,0,0
4841,0,0,0,0
4842,0,0,0,0
4843,0,0,3,2
4844,2,0,0,0
4845,0,0,0,0
4846,0,0,0,0
4847,0,0,0,0
4848,2,1,1,5
4849,0,0,1,0
4850,0,0,0,0
4851,0,0,0,0
4852,0,0,0,0
4853,0,0,0,0
4854,0,0,0,0
4855,1,0,0,0
4856,0,0,0,0
4857,1,1,1,0
4858,1,0,0,1
4859,1,0,0,0
4860,0,0,0,0
4861,0,0,0,0
4862,1,1,1,1
4863,0,2,0,0
4864,0,0,0,0
4865,0,0,0,0
4866,0,0,0,0
4867,1,0,0,0
4868,0,0,0,0
4869,0,0,0,0
4870,0,0,2,0
4871,0,0,0,0
4872,0,0,0,0
4873,0,0,0,0
4874,1,2,4,1
4875,0,0,0,0
4876,0,0,0,0
4877,0,0,0,0
4878,0,0,1,2
4879,0,0,0,0
4880,0,0,0,0
4881,0,0,0,0
4882,0,0,0,1
4883,0,2,1,1
4884,0,0,2,0
4885,0,0,0,0
4886,0,0,0,1
4887,0,0,0,0
4888,0,0,0,1
4889,0,0,0,1
4890,0,3,5,5
4891,0,0,0,0
4892,0,0,0,0
4893,0,0,1,1
4894,3,6,3,5
4895,2,1,5,3
4896,4,1,2,4
4897,0,6,11,10
4898,1,3,1,4
4899,0,2,0,0
4900,1,2,1,0
4901,0,0,0,0
4902,0,0,0,0
4903,0,0,0,0
4904,0,0,0,0
4905,0,0,0,0
4906,0,1,2,3
4907,0,9,5,1
4908,0,0,0,0
4909,1,0,0,0
4910,1,1,0,1
4911,0,0,0,0
4912,0,0,0,0
4913,1,2,0,0
4914,0,0,0,0
4915,0,0,0,1
4916,0,0,0,0
4917,0,0,0,0
4918,0,1,0,0
4919,0,0,0,0
4920,0,0,0,0
4921,0,0,0,0
4922,3,0,1,1
4923,0,0,0,0
4924,0,0,1,1
4925,0,0,0,0
4926,0,0,0,0
4927,0,0,0,0
4928,2,10,5,17
4929,4,3,0,7
4930,0,0,0,0
4931,0,0,0,0
4932,0,0,0,0
4933,0,0,0,0
4934,0,0,0,0
4935,2,9,8,11
4936,2,1,2,6
4937,1,1,0,2
4938,0,0,1,0
4939,0,0,0,0
4940,0,0,2,0
4941,0,0,0,0
4942,0,0,0,0
4943,2,3,2,5
4944,2,6,11,3
4945,4,1,6,3
4946,0,1,1,2
4947,0,0,3,1
4948,0,0,0,1
4949,0,0,0,0
4950,1,3,3,4
4951,1,9,1,6
4952,5,3,5,6
4953,1,7,8,7
4954,3,12,13,17
4955,6,6,16,25
4956,3,9,17,6
4957,0,0,0,0
4958,0,0,0,0
4959,0,0,0,1
4960,0,0,0,0
4961,0,0,0,0
4962,0,0,1,0
4963,0,0,0,0
4964,1,0,5,2
4965,1,1,2,1
4966,2,5,2,3
4967,3,1,0,4
4968,2,5,2,0
4969,3,0,2,0
4970,6,7,10,8
4971,3,5,13,6
4972,7,5,18,11
4973,0,1,1,2
4974,0,3,0,0
4975,0,2,0,0
4976,1,2,0,2
4977,0,1,1,6
4978,0,0,0,0
4979,0,0,0,0
4980,0,0,0,0
4981,0,0,2,0
4982,0,0,0,0
4983,0,0,0,0
4984,1,1,5,2
4985,1,3,2,2
4986,6,7,11,18
4987,7,2,1,2
4988,3,3,3,1
4989,3,4,2,7
4990,1,3,4,5
4991,3,3,3,5
4992,0,0,1,1
4993,4,1,3,3
4994,3,4,0,0
4995,0,1,1,5
4996,1,5,3,0
4997,3,2,4,2
4998,1,0,0,1
4999,1,0,0,2
5000,0,0,0,0
5001,0,0,0,0
5002,0,1,0,1
5003,0,0,0,0
5004,0,0,0,0
5005,0,0,0,1
5006,1,0,0,0
5007,0,0,0,0
5008,5,3,3,7
5009,10,9,16,13
5010,0,4,4,8
5011,2,6,5,7
5012,2,4,5,1
5013,4,4,6,4
5014,2,0,1,2
5015,2,1,1,0
5016,2,3,3,0
5017,0,2,1,0
5018,1,1,0,0
5019,0,1,0,2
5020,1,1,0,1
5021,0,0,0,0
5022,0,0,1,0
5023,0,0,0,0
5024,0,3,0,1
5025,0,1,5,0
5026,0,0,0,0
5027,0,0,0,0
5028,1,0,0,0
5029,3,3,2,4
5030,0,1,1,1
5031,0,2,2,2
5032,0,0,0,2
5033,0,0,0,0
5034,1,1,0,0
5035,0,0,0,0
5036,0,0,0,0
5037,0,0,2,1
5038,0,0,0,0
5039,0,0,0,0
5040,0,0,0,0
5041,0,0,0,0
5042,4,5,1,0
5043,1,1,2,4
5044,1,1,1,0
5045,0,0,0,0
5046,0,1,1,0
5047,2,3,0,5
5048,0,3,2,1
5049,0,0,0,0
5050,0,0,1,0
5051,0,0,0,0
5052,1,0,1,0
5053,1,0,0,0
5054,0,0,0,0
5055,1,0,0,2
5056,0,0,0,0
5057,0,0,0,0
5058,0,0,0,0
5059,0,0,1,0
5060,0,0,1,0
5061,1,1,2,0
5062,1,0,1,1
5063,0,1,0,0
5064,0,0,0,0
5065,1,3,0,0
5066,1,0,0,1
5067,0,0,3,3
5068,0,4,0,0
5069,0,0,0,0
5070,0,0,0,0
5071,0,0,0,2
5072,0,0,0,0
5073,0,0,1,1
5074,0,0,0,0
5075,0,0,0,0
5076,0,1,2,0
5077,0,0,0,0
5078,0,0,0,0
5079,0,0,0,0
5080,0,0,0,0
5081,0,0,0,0
5082,0,0,0,0
5083,0,0,0,1
5084,1,3,2,0
5085,0,0,0,0
5086,0,0,0,0
5087,0,0,0,0
5088,0,0,2,0
5089,0,0,0,0
5090,0,0,0,0
5091,1,0,0,2
5092,0,0,1,2
5093,0,3,1,0
5094,0,0,1,0
5095,0,0,0,0
5096,0,0,0,0
5097,0,0,0,0
5098,0,0,0,0
5099,0,0,0,0
5100,0,0,1,0
5101,0,0,1,0
5102,1,1,8,2
5103,3,4,2,1
5104,0,0,0,0
5105,0,0,0,0
5106,0,0,0,0
5107,0,0,0,0
5108,0,1,0,3
5109,0,0,0,0
5110,0,6,4,0
5111,0,0,0,0
5112,0,0,1,0
5113,2,0,0,1
5114,0,0,0,0
5115,0,0,0,0
5116,0,0,0,0
5117,0,0,0,1
5118,0,1,0,0
5119,0,0,0,0
5120,0,0,0,0
5121,0,0,0,0
5122,0,0,0,0
5123,0,0,0,0
5124,0,0,0,0
5125,0,0,0,0
5126,0,0,0,0
5127,0,0,0,0
5128,0,0,0,0
5129,0,0,0,0
5130,0,0,0,0
5131,0,0,0,0
5132,0,0,0,0
5133,0,0,0,0
5134,0,0,1,0
5135,0,0,0,0
5136,0,0,0,0
5137,0,0,0,0
5138,0,1,0,0
5139,0,0,0,0
5140,0,0,2,1
5141,0,0,0,0
5142,0,0,0,1
5143,0,0,0,0
5144,0,0,0,0
5145,0,0,0,0
5146,0,0,0,0
5147,0,0,0,0
5148,0,0,0,0
5149,0,0,1,0
5150,0,0,0,0
5151,0,0,0,0
5152,0,0,0,0
5153,0,0,0,0
5154,0,2,0,1
5155,0,0,0,0
5156,3,0,0,1
5157,0,0,0,0
5158,0,1,0,0
5159,0,5,1,1
5160,0,0,0,0
5161,0,0,0,0
5162,0,0,0,0
5163,0,0,0,0
5164,0,0,0,0
5165,0,2,0,0
5166,0,0,0,0
5167,0,0,0,0
5168,0,2,0,0
5169,0,0,0,0
5170,0,1,0,0
5171,0,0,0,0
5172,0,0,0,0
5173,0,0,0,0
5174,0,0,0,0
5175,0,0,0,0
5176,0,0,0,0
5177,0,0,0,0
5178,0,0,0,0
5179,0,0,0,0
5180,0,1,0,0
5181,1,1,0,0
5182,1,0,0,0
5183,1,1,0,0
5184,1,1,2,1
5185,0,0,0,2
5186,0,0,0,0
5187,0,0,0,0
5188,0,1,2,0
5189,0,0,0,0
5190,2,0,0,0
5191,0,0,0,0
5192,0,0,0,0
5193,2,0,0,1
5194,0,0,0,0
5195,0,0,0,0
5196,0,1,1,1
5197,0,0,0,0
5198,0,0,0,0
5199,0,0,1,8
5200,0,12,2,11
5201,0,0,0,0
5202,0,0,1,0
5203,0,0,0,0
5204,0,0,0,0
5205,0,0,0,0
5206,0,0,0,0
5207,0,0,0,0
5208,0,0,0,0
5209,0,0,0,0
5210,0,1,2,0
5211,2,2,2,1
5212,0,0,0,1
5213,0,0,0,0
5214,0,1,0,0
5215,1,0,0,0
5216,0,0,0,0
5217,0,0,0,0
5218,0,0,0,0
5219,0,0,0,0
5220,0,0,0,0
5221,1,3,1,2
5222,1,0,0,0
5223,0,1,0,2
5224,0,1,4,0
5225,0,0,0,0
5226,0,0,0,0
5227,0,0,0,0
5228,2,1,0,1
5229,0,0,0,0
5230,0,0,0,0
5231,0,0,0,0
5232,0,0,0,0
5233,0,0,1,0
5234,0,0,0,0
5235,0,0,0,0
5236,0,0,0,0
5237,0,0,0,0
5238,0,0,0,0
5239,0,0,0,0
5240,0,0,0,0
5241,0,0,0,0
5242,0,0,0,0
5243,0,0,0,0
5244,0,0,0,0
5245,0,0,0,0
5246,0,0,0,0
5247,0,0,0,0
5248,0,0,0,0
5249,0,1,0,0
5250,0,0,0,0
5251,0,0,0,0
5252,0,2,1,2
5253,0,0,0,0
5254,0,0,0,0
5255,0,1,0,0
5256,0,0,0,0
5257,1,0,0,0
5258,0,0,0,0
5259,0,0,0,0
5260,0,0,0,0
5261,0,0,1,0
5262,0,0,0,0
5263,0,0,0,0
5264,0,0,0,2
5265,0,0,3,0
5266,0,0,0,1
5267,0,0,0,0
5268,0,0,0,0
5269,0,0,0,0
5270,0,0,0,0
5271,0,0,0,0
5272,0,0,0,0
5273,0,0,0,0
5274,0,2,1,0
5275,0,1,0,1
5276,0,0,0,0
5277,0,0,0,0
5278,0,0,0,0
5279,0,0,0,0
5280,0,0,0,0
5281,0,0,0,0
5282,0,0,0,0
5283,0,0,0,1
5284,1,0,0,4
5285,0,0,0,0
5286,0,0,1,1
5287,0,0,0,0
5288,0,0,0,0
5289,0,0,0,0
5290,0,0,1,1
5291,0,0,0,0
5292,0,0,0,0
5293,0,1,1,0
5294,0,2,0,0
5295,0,0,0,0
5296,0,0,0,0
5297,0,0,0,0
5298,0,0,1,0
5299,0,0,0,0
5300,0,0,0,0
5301,0,0,0,0
5302,1,0,0,1
5303,0,0,0,0
5304,0,0,0,0
5305,0,0,0,0
5306,0,0,0,0
5307,0,2,4,1
5308,1,3,2,1
5309,0,0,0,0
5310,0,0,0,0
5311,0,0,0,0
5312,0,0,0,1
5313,0,0,0,0
5314,0,0,0,0
5315,0,0,0,0
5316,0,1,0,1
5317,0,0,0,0
5318,0,0,0,0
5319,0,0,0,0
5320,0,0,0,1
5321,0,0,0,0
5322,0,0,0,0
5323,0,0,0,0
5324,0,0,0,0
5325,0,0,1,0
5326,0,0,0,0
5327,0,1,0,0
5328,0,0,0,0
5329,0,0,0,0
5330,0,0,1,1
5331,0,0,0,0
5332,0,0,0,1
5333,0,0,0,0
5334,0,2,0,3
5335,0,0,0,0
5336,0,0,0,0
5337,0,0,0,0
5338,0,0,0,2
5339,4,2,4,2
5340,0,0,0,1
5341,0,0,0,0
5342,0,0,0,0
5343,1,5,4,1
5344,0,2,0,0
5345,0,0,0,0
5346,0,0,0,0
5347,0,0,0,0
5348,1,2,7,5
5349,3,1,7,2
5350,0,1,0,1
5351,0,0,0,0
5352,0,0,5,0
5353,2,2,0,0
5354,8,7,9,4
5355,5,6,1,3
5356,0,0,0,0
5357,0,0,0,0
5358,0,1,0,0
5359,0,0,0,0
5360,0,0,0,0
5361,0,0,0,0
5362,0,0,0,0
5363,0,0,0,0
5364,0,0,0,0
5365,0,0,0,0
5366,0,0,0,0
5367,0,0,1,2
5368,0,0,0,0
5369,0,0,0,0
5370,0,0,0,0
5371,0,0,0,0
5372,1,1,3,0
5373,5,3,5,1
5374,4,7,5,9
5375,0,0,0,0
5376,0,0,0,0
5377,0,0,0,0
5378,0,0,0,0
5379,0,0,0,0
5380,0,1,0,0
5381,0,1,1,0
5382,0,1,0,1
5383,0,0,0,0
5384,0,0,0,0
5385,0,0,0,0
5386,0,0,0,1
5387,1,0,0,1
5388,0,0,0,0
5389,0,0,0,0
5390,0,0,0,0
5391,0,0,0,0
5392,0,0,0,0
5393,0,0,1,3
5394,0,0,0,0
5395,0,0,0,0
5396,0,0,0,0
5397,0,6,1,0
5398,1,12,5,1
5399,1,3,0,4
5400,0,0,0,0
5401,0,0,0,0
5402,0,0,0,0
5403,0,0,0,0
5404,0,0,0,0
5405,0,0,0,1
5406,0,0,0,0
5407,2,2,0,2
5408,0,0,0,0
5409,0,0,0,0
5410,0,0,1,2
5411,0,0,0,0
5412,0,0,3,0
5413,0,0,1,0
5414,0,0,2,3
5415,1,0,0,0
5416,0,0,0,0
5417,0,0,0,0
5418,0,0,0,0
5419,0,0,0,0
5420,0,0,0,0
5421,0,0,0,0
5422,0,0,1,0
5423,0,0,0,0
5424,0,0,0,3
5425,0,0,0,0
5426,0,0,0,0
5427,0,0,0,0
5428,0,0,0,1
5429,0,0,4,0
5430,2,3,3,5
5431,0,0,0,0
5432,0,0,0,1
5433,3,10,0,9
5434,0,0,0,0
5435,0,0,0,0
5436,0,0,0,0
5437,0,0,0,0
5438,0,0,0,0
5439,0,0,0,0
5440,0,0,0,0
5441,0,0,0,0
5442,0,0,0,0
5443,1,0,0,2
5444,0,0,0,1
5445,4,3,10,1
5446,4,3,7,0
5447,3,6,2,2
5448,0,0,0,0
5449,0,0,0,0
5450,0,0,1,1
5451,0,0,0,0
5452,0,0,0,0
5453,0,0,0,0
5454,0,0,0,0
5455,0,0,0,0
5456,1,1,0,0
5457,0,0,0,0
5458,1,3,0,1
5459,0,0,0,2
5460,0,0,0,0
5461,0,0,0,0
5462,0,0,0,0
5463,2,1,0,0
5464,0,0,0,0
5465,0,0,0,0
5466,0,0,1,0
5467,0,0,0,0
5468,0,0,0,0
5469,0,0,0,0
5470,0,0,0,0
5471,0,0,1,2
5472,0,0,0,0
5473,0,0,0,0
5474,0,0,0,0
5475,0,0,0,0
5476,2,6,0,1
5477,0,0,0,0
5478,0,0,0,0
5479,0,0,0,0
5480,0,0,0,0
5481,0,0,0,1
5482,0,3,1,1
5483,0,0,0,0
5484,0,0,0,0
5485,2,1,1,1
5486,0,0,0,0
5487,1,0,3,0
5488,4,1,0,0
5489,0,0,0,0
5490,0,0,0,0
5491,0,0,0,0
5492,0,0,0,0
5493,1,1,1,3
5494,0,0,3,0
5495,0,0,0,0
5496,0,0,0,0
5497,0,0,1,0
5498,0,0,0,0
5499,0,1,0,0
5500,0,0,0,0
5501,0,0,0,0
5502,0,0,0,0
5503,0,0,0,0
5504,0,0,0,0
5505,0,0,0,0
5506,0,0,0,0
5507,0,0,2,0
5508,0,0,0,0
5509,0,0,1,3
5510,3,0,4,2
5511,0,0,3,1
5512,0,0,0,0
5513,0,0,0,0
5514,0,0,0,0
5515,0,0,0,0
5516,0,0,0,0
5517,0,0,0,0
5518,0,0,0,0
5519,0,0,0,0
5520,0,0,0,0
5521,0,0,0,0
5522,0,0,0,0
5523,0,0,0,0
5524,0,0,0,0
5525,0,0,0,0
5526,0,0,0,0
5527,0,0,0,0
5528,0,0,0,0
5529,0,0,0,0
5530,0,0,0,0
5531,1,0,0,0
5532,0,0,0,0
5533,0,1,0,0
5534,0,0,1,1
5535,0,0,0,0
5536,0,0,0,0
5537,0,0,0,0
5538,0,0,0,0
5539,3,0,0,0
5540,0,0,1,1
5541,0,0,0,0
5542,3,0,0,0
5543,0,0,1,0
5544,0,0,0,0
5545,0,0,0,0
5546,1,0,0,0
5547,0,0,0,0
5548,0,0,0,0
5549,0,0,0,0
5550,0,0,0,0
5551,0,0,0,0
5552,1,6,5,4
5553,0,2,4,3
5554,0,0,0,0
5555,0,0,0,0
5556,0,0,0,0
5557,0,1,3,1
5558,1,1,0,3
5559,2,17,23,11
5560,9,2,7,5
5561,1,0,0,1
5562,0,0,0,0
5563,1,0,0,0
5564,0,0,0,0
5565,0,0,0,0
5566,0,0,0,0
5567,0,0,0,0
5568,1,2,3,4
5569,4,8,8,10
5570,1,7,5,9
5571,1,2,1,1
5572,0,1,1,0
5573,0,0,0,0
5574,0,0,0,1
5575,0,0,0,0
5576,0,0,0,0
5577,0,0,0,0
5578,0,0,1,0
5579,0,0,0,0
5580,0,0,0,0
5581,2,8,4,4
5582,1,2,6,2
5583,6,7,13,5
5584,0,4,2,4
5585,0,0,1,0
5586,0,0,0,0
5587,0,0,0,0
5588,1,0,0,0
5589,0,0,0,0
5590,0,0,0,0
5591,0,0,1,0
5592,0,0,0,0
5593,0,0,0,3
5594,0,0,0,1
5595,0,0,0,0
5596,0,5,3,2
5597,1,0,1,3
5598,0,0,1,3
5599,0,0,0,0
5600,0,0,0,0
5601,0,0,0,0
5602,0,0,0,0
5603,0,0,0,0
5604,0,0,0,0
5605,0,0,0,0
5606,1,0,0,0
5607,0,0,0,0
5608,0,0,0,0
5609,0,0,0,0
5610,1,0,0,0
5611,0,0,0,0
5612,0,0,0,0
5613,0,0,0,0
5614,0,0,0,0
5615,0,0,0,0
5616,0,0,0,0
5617,1,0,0,0
5618,0,0,0,0
5619,0,0,1,0
5620,0,0,0,1
5621,0,0,0,0
5622,0,1,0,0
5623,0,0,0,0
5624,0,0,0,0
5625,1,0,1,1
5626,0,0,0,0
5627,0,0,0,0
5628,0,0,0,0
5629,0,0,0,0
5630,0,0,1,0
5631,2,6,3,0
5632,0,4,1,4
5633,0,0,0,0
5634,0,0,0,0
5635,0,0,0,2
5636,0,1,1,0
5637,5,0,1,1
5638,0,0,0,0
5639,0,1,0,0
5640,0,0,0,0
5641,0,0,0,0
5642,0,0,0,0
5643,0,0,0,0
5644,1,2,1,2
5645,0,2,1,0
5646,0,0,0,0
5647,0,0,0,0
5648,0,0,0,1
5649,0,0,0,0
5650,0,0,0,0
5651,1,0,0,4
5652,1,0,0,0
5653,0,0,0,0
5654,0,0,0,0
5655,0,0,0,0
5656,0,0,0,0
5657,0,0,1,0
5658,0,0,2,0
5659,0,0,0,0
5660,0,0,0,0
5661,0,0,0,0
5662,0,0,0,0
5663,0,0,0,0
5664,0,0,0,0
5665,0,0,0,0
5666,0,0,0,0
5667,0,0,0,0
5668,0,0,0,0
5669,0,0,0,0
5670,3,0,0,0
5671,0,0,0,0
5672,0,1,0,0
5673,0,1,0,0
5674,0,0,0,0
5675,0,0,0,0
5676,0,0,0,0
5677,1,4,3,1
5678,0,0,5,1
5679,0,0,0,0
5680,0,2,1,0
5681,1,0,0,0
5682,0,1,0,0
5683,0,0,0,1
5684,0,0,0,0
5685,0,0,0,0
5686,0,0,0,0
5687,0,0,0,0
5688,0,0,0,0
5689,0,0,0,0
5690,0,0,0,0
5691,0,0,0,0
5692,0,0,0,0
5693,0,0,0,3
5694,0,0,0,0
5695,0,0,0,0
5696,0,0,1,0
5697,0,0,0,0
5698,0,0,0,0
5699,0,0,0,0
5700,0,0,0,0
5701,0,0,0,0
5702,0,0,0,0
5703,0,0,0,0
5704,0,0,0,0
5705,0,0,0,0
5706,0,0,0,0
5707,0,0,0,1
5708,0,0,0,0
5709,0,0,0,0
5710,0,0,0,0
5711,0,0,0,0
5712,0,0,0,0
5713,0,0,0,0
5714,0,0,0,1
5715,0,0,0,0
5716,0,0,0,0
5717,0,0,0,0
5718,1,0,1,0
5719,0,0,0,0
5720,0,0,0,0
5721,0,0,0,0
5722,0,1,1,3
5723,0,0,0,0
5724,0,0,0,0
5725,0,0,0,0
5726,0,0,0,0
5727,0,1,0,0
5728,0,0,0,0
5729,4,3,2,1
5730,1,0,1,0
5731,0,0,0,0
5732,0,0,0,0
5733,0,0,0,2
5734,0,0,0,0
5735,0,1,0,0
5736,1,4,3,3
5737,0,0,0,0
5738,0,0,0,0
5739,0,0,0,0
5740,0,0,0,0
5741,0,0,0,0
5742,0,0,0,0
5743,0,0,0,0
5744,0,0,0,0
5745,1,3,2,4
5746,0,0,2,0
5747,0,1,0,0
5748,0,0,0,0
5749,0,0,0,0
5750,0,0,0,0
5751,0,0,1,1
5752,0,0,0,0
5753,0,0,2,0
5754,0,2,1,2
5755,0,0,0,0
5756,0,0,0,0
5757,0,0,0,0
5758,0,1,5,14
5759,0,0,0,1
5760,0,0,0,0
5761,0,0,0,0
5762,1,0,0,0
5763,1,2,0,0
5764,0,0,0,0
5765,3,1,0,0
5766,0,0,0,1
5767,0,0,0,2
5768,0,0,0,1
5769,0,0,0,0
5770,2,0,0,0
5771,1,0,0,0
5772,0,0,0,0
5773,0,0,0,0
5774,0,0,0,0
5775,0,0,0,0
5776,0,0,0,0
5777,0,0,0,0
5778,0,0,0,0
5779,0,0,0,0
5780,0,0,3,1
5781,1,0,0,0
5782,0,0,0,0
5783,0,0,0,0
5784,0,0,0,0
5785,0,0,0,0
5786,0,0,0,0
5787,0,0,0,0
5788,0,0,0,0
5789,0,0,0,0
5790,0,0,0,0
5791,0,1,0,0
5792,0,0,0,0
5793,0,0,0,1
5794,0,0,0,0
5795,0,0,0,0
5796,0,0,0,0
5797,0,0,0,0
5798,0,0,0,0
5799,0,0,0,0
5800,0,0,0,0
5801,0,0,0,2
5802,0,0,0,0
5803,0,0,0,0
5804,1,1,0,1
5805,0,0,0,0
5806,0,0,0,0
5807,0,0,0,0
5808,0,0,0,0
5809,0,0,0,1
5810,0,0,0,0
5811,0,0,0,2
5812,0,0,0,0
5813,0,0,0,0
5814,0,0,0,0
5815,0,0,0,0
5816,0,0,0,0
5817,0,0,0,0
5818,0,0,0,0
5819,0,0,0,0
5820,0,0,0,0
5821,2,3,1,1
5822,0,1,4,3
5823,0,0,0,0
5824,0,0,0,0
5825,0,0,0,0
5826,1,4,0,2
5827,0,0,1,0
5828,4,1,0,1
5829,0,0,0,0
5830,0,0,0,0
5831,0,0,0,0
5832,0,0,0,0
5833,0,0,0,0
5834,0,0,0,0
5835,0,0,0,0
5836,0,0,1,0
5837,0,0,0,0
5838,0,0,0,0
5839,0,0,0,0
5840,0,0,0,0
5841,0,0,0,0
5842,0,0,0,0
5843,0,0,0,0
5844,0,0,0,0
5845,1,0,1,0
5846,0,0,0,0
5847,0,1,0,0
5848,1,0,1,2
5849,0,0,0,1
5850,0,0,0,0
5851,0,0,0,0
5852,0,0,0,0
5853,0,0,0,0
5854,1,0,0,1
5855,0,0,0,0
5856,0,0,0,0
5857,1,0,0,0
5858,0,0,0,0
5859,0,0,0,2
5860,0,0,0,0
5861,0,0,0,0
5862,0,0,0,0
5863,0,1,4,1
5864,0,2,3,0
5865,0,0,0,0
5866,0,0,0,0
5867,0,0,5,0
5868,0,0,0,1
5869,0,0,0,0
5870,0,0,0,0
5871,2,0,0,1
5872,0,0,0,0
5873,0,0,0,0
5874,0,1,0,2
5875,1,0,3,9
5876,0,0,0,0
5877,0,0,0,0
5878,0,0,0,0
5879,0,0,0,0
5880,1,3,4,0
5881,0,0,6,4
5882,4,3,2,0
5883,1,0,0,0
5884,0,0,0,0
5885,0,0,0,0
5886,0,0,0,8
5887,0,0,0,1
5888,0,0,0,0
5889,0,0,0,0
5890,0,0,0,0
5891,2,11,2,2
5892,2,2,4,2
5893,4,7,8,6
5894,3,5,8,12
5895,0,4,7,3
5896,2,8,3,3
5897,0,1,1,0
5898,0,0,0,0
5899,0,0,0,0
5900,0,0,0,0
5901,0,0,0,0
5902,0,0,0,1
5903,6,7,4,3
5904,4,6,3,9
5905,14,3,2,10
5906,0,0,3,3
5907,3,1,2,16
5908,0,1,0,1
5909,0,0,0,0
5910,0,0,0,0
5911,0,0,0,0
5912,0,0,1,4
5913,0,0,0,0
5914,0,0,3,1
5915,4,8,9,1
5916,2,2,4,2
5917,3,4,3,3
5918,1,1,1,0
5919,0,0,0,0
5920,0,0,0,0
5921,0,0,0,0
5922,0,0,1,0
5923,0,0,0,1
5924,0,0,2,0
5925,0,0,0,0
5926,0,0,0,0
5927,0,0,0,0
5928,0,0,0,0
5929,0,0,0,0
5930,0,0,0,0
5931,0,0,0,0
5932,0,0,0,0
5933,2,4,3,5
5934,5,6,8,6
5935,4,10,2,6
5936,0,2,0,1
5937,0,0,0,0
5938,0,0,0,0
5939,1,0,0,0
5940,0,0,0,0
5941,0,0,0,0
5942,0,0,0,0
5943,0,0,0,0
5944,0,0,0,0
5945,0,0,0,3
5946,0,0,0,0
5947,0,0,0,0
5948,2,1,3,0
5949,0,0,0,0
5950,0,0,0,0
5951,0,0,0,1
5952,0,0,0,0
5953,0,0,0,0
5954,0,0,2,0
5955,0,0,1,0
5956,0,0,0,1
5957,0,0,0,1
5958,0,0,0,0
5959,0,0,0,0
5960,0,0,0,0
5961,0,0,0,1
5962,0,0,0,0
5963,0,0,0,0
5964,0,0,0,0
5965,0,1,1,1
5966,0,0,0,0
5967,0,0,0,0
5968,0,0,0,0
5969,0,0,0,0
5970,0,0,0,0
5971,2,0,1,2
5972,0,0,0,0
5973,0,1,1,6
5974,0,0,2,0
5975,0,0,0,0
5976,0,0,0,0
5977,0,0,0,0
5978,0,1,0,0
5979,0,0,0,0
5980,0,0,0,0
5981,0,0,0,0
5982,0,0,0,0
5983,0,0,0,0
5984,0,0,0,0
5985,0,0,0,0
5986,0,0,0,0
5987,0,0,0,0
5988,0,0,0,0
5989,0,0,0,0
5990,0,0,0,0
5991,0,1,2,3
5992,1,0,1,2
5993,0,0,1,0
5994,0,1,0,0
5995,0,0,0,0
5996,0,0,0,2
5997,1,4,2,2
5998,1,1,1,1
5999,0,0,0,0
6000,1,1,0,0
6001,0,0,0,0
6002,0,1,0,0
6003,0,0,0,0
6004,0,0,0,0
6005,0,1,0,0
6006,0,0,0,0
6007,0,1,0,0
6008,0,0,0,0
6009,0,0,0,0
6010,0,0,0,0
6011,0,0,0,1
6012,0,0,0,0
6013,0,0,0,0
6014,0,0,0,0
6015,0,0,0,0
6016,0,0,0,0
6017,0,0,0,0
6018,0,0,0,0
6019,0,0,0,0
6020,0,0,0,0
6021,0,0,0,0
6022,0,0,0,0
6023,0,0,0,0
6024,0,0,0,0
6025,0,0,0,0
6026,0,0,0,0
6027,0,0,0,0
6028,0,0,0,0
6029,0,0,0,0
6030,0,0,0,0
6031,0,0,0,0
6032,0,0,0,0
6033,1,0,0,0
6034,0,0,0,0
6035,0,0,0,0
6036,0,0,0,0
6037,0,0,0,0
6038,0,0,0,0
6039,0,0,0,0
6040,0,0,2,0
6041,0,2,3,1
6042,0,1,1,1
6043,0,0,0,0
6044,0,0,0,0
6045,0,0,0,0
6046,0,1,0,0
6047,0,0,0,0
6048,0,2,0,0
6049,2,0,1,1
6050,0,0,0,0
6051,0,0,0,0
6052,0,0,0,0
6053,0,3,33,2
6054,1,0,5,9
6055,5,7,4,5
6056,1,0,0,1
6057,0,0,0,0
6058,0,0,1,0
6059,0,0,0,0
6060,0,0,0,0
6061,0,0,0,0
6062,0,0,0,0
6063,1,1,0,0
6064,0,1,4,4
6065,0,0,0,0
6066,0,0,0,0
6067,0,0,0,0
6068,0,0,0,0
6069,0,1,0,0
6070,0,0,0,0
6071,0,0,0,0
6072,0,0,0,0
6073,0,0,0,1
6074,0,0,0,0
6075,0,0,0,0
6076,0,0,0,0
6077,0,0,0,0
6078,0,3,0,0
6079,0,0,0,0
6080,0,0,1,0
6081,0,1,0,0
6082,0,0,0,0
6083,0,0,0,0
6084,0,0,0,0
6085,1,0,0,0
6086,0,0,0,0
6087,0,0,0,0
6088,0,0,0,0
6089,0,0,0,0
6090,0,1,0,0
6091,0,0,0,0
6092,0,0,0,0
6093,0,0,0,0
6094,0,1,0,0
6095,0,0,1,0
6096,0,4,0,0
6097,0,0,0,0
6098,0,0,0,0
6099,0,0,0,0
6100,0,0,0,0
6101,0,0,0,0
6102,0,0,0,0
6103,0,0,0,0
6104,0,0,0,0
6105,0,0,0,0
6106,0,0,0,0
6107,0,0,0,0
6108,0,0,0,0
6109,0,0,0,0
6110,0,0,0,0
6111,0,0,0,0
6112,0,0,0,1
6113,0,0,0,0
6114,0,0,0,0
6115,0,0,0,0
6116,0,0,0,1
6117,1,0,0,0
6118,0,1,0,1
6119,2,1,0,6
6120,0,1,2,0
6121,0,0,0,0
6122,0,0,0,0
6123,0,1,2,0
6124,0,0,0,1
6125,0,0,0,0
6126,0,0,0,0
6127,0,0,0,0
6128,0,0,2,0
6129,0,2,1,3
6130,0,1,0,0
6131,0,0,0,0
6132,0,0,0,0
6133,0,0,0,0
6134,0,0,0,0
6135,0,0,0,0
6136,0,0,0,0
6137,0,0,0,0
6138,1,0,0,0
6139,0,0,0,0
6140,0,1,2,2
6141,0,0,0,0
6142,0,0,0,0
6143,0,0,0,0
6144,0,1,1,0
6145,0,0,1,0
6146,0,0,0,0
6147,0,0,0,0
6148,0,0,3,0
6149,0,0,0,0
6150,0,0,0,0
6151,0,0,0,0
6152,1,1,1,0
6153,0,1,1,4
6154,0,0,0,1
6155,0,1,0,1
6156,0,1,2,0
6157,0,0,0,0
6158,0,0,0,0
6159,0,0,0,1
6160,0,0,0,0
6161,0,0,0,0
6162,0,0,0,0
6163,0,0,2,0
6164,0,0,0,0
6165,0,0,0,0
6166,1,4,4,3
6167,0,1,2,2
6168,0,0,0,0
6169,0,0,0,0
6170,0,0,0,0
6171,0,0,0,0
6172,0,0,0,0
6173,0,0,0,0
6174,0,4,3,0
6175,0,0,0,0
6176,0,6,2,2
6177,12,5,10,10
6178,0,3,1,1
6179,0,0,0,1
6180,0,1,0,0
6181,0,0,0,0
6182,0,0,1,0
6183,0,0,0,0
6184,0,1,0,0
6185,1,2,6,2
6186,2,13,8,2
6187,5,8,7,5
6188,0,0,2,0
6189,8,3,2,1
6190,0,0,0,0
6191,0,0,0,0
6192,3,0,0,0
6193,5,3,6,1
6194,2,4,4,6
6195,2,5,9,7
6196,2,22,15,3
6197,2,1,8,4
6198,0,4,2,2
6199,1,0,2,1
6200,0,0,0,0
6201,0,0,0,0
6202,0,0,0,0
6203,0,0,0,0
6204,6,5,9,14
6205,1,6,5,7
6206,3,2,5,4
6207,2,5,0,2
6208,0,6,7,2
6209,4,4,8,7
6210,0,5,10,12
6211,0,1,1,2
6212,0,3,5,1
6213,0,0,0,0
6214,0,0,0,0
6215,0,0,0,0
6216,0,0,0,0
6217,0,0,0,0
6218,8,7,0,1
6219,5,8,6,2
6220,8,5,5,10
6221,9,6,6,10
6222,5,5,1,2
6223,5,5,11,9
6224,12,22,12,15
6225,0,3,2,3
6226,2,1,2,5
6227,0,0,0,0
6228,0,0,0,0
6229,0,0,0,0
6230,0,0,0,0
6231,1,4,2,2
6232,1,5,9,13
6233,3,7,7,10
6234,14,12,10,10
6235,6,8,3,9
6236,1,9,8,5
6237,0,6,1,6
6238,6,5,9,6
6239,0,0,1,0
6240,0,0,0,0
6241,0,0,0,0
6242,0,0,1,2
6243,6,3,6,2
6244,4,8,20,14
6245,6,7,11,5
6246,3,3,5,4
6247,0,0,0,0
6248,0,0,0,0
6249,0,0,0,0
6250,0,0,0,0
6251,0,0,0,0
6252,0,1,0,0
6253,0,0,0,0
6254,0,0,0,0
6255,0,0,0,0
6256,0,3,1,0
6257,1,1,0,1
6258,4,5,4,2
6259,2,9,8,2
6260,0,0,0,0
6261,0,0,0,0
6262,0,0,0,0
6263,0,0,0,0
6264,1,1,0,0
6265,1,0,1,2
6266,0,0,0,0
6267,0,0,0,0
6268,0,0,0,1
6269,0,0,0,0
6270,0,1,0,2
6271,0,0,0,0
6272,0,5,1,0
6273,0,0,0,0
6274,0,0,0,2
6275,2,2,0,2
6276,0,0,0,0
6277,0,0,0,0
6278,0,0,0,0
6279,0,1,0,0
6280,0,0,0,0
6281,0,0,0,1
6282,0,0,0,0
6283,0,0,0,0
6284,0,0,0,0
6285,0,0,0,0
6286,0,0,0,0
6287,1,0,1,1
6288,0,1,0,0
6289,0,0,0,0
6290,0,0,0,0
6291,0,1,0,1
6292,0,0,0,0
6293,0,0,0,0
6294,0,0,0,0
6295,0,0,0,0
6296,0,0,0,0
6297,0,0,0,0
6298,0,0,0,0
6299,0,0,0,0
6300,0,0,0,0
6301,0,0,0,0
6302,0,0,0,0
6303,0,0,0,0
6304,0,7,0,0
6305,0,0,0,0
6306,0,4,1,0
6307,2,2,4,1
6308,0,0,2,0
6309,0,0,0,0
6310,0,0,0,2
6311,1,0,0,0
6312,0,0,0,0
6313,3,0,0,0
6314,0,0,0,0
6315,3,1,0,0
6316,1,2,0,0
6317,0,0,0,0
6318,0,0,0,0
6319,1,0,0,0
6320,0,3,0,5
6321,0,0,0,0
6322,0,0,0,0
6323,0,0,0,0
6324,0,0,0,0
6325,0,3,2,4
6326,4,3,7,7
6327,0,0,0,0
6328,0,0,0,0
6329,0,0,0,0
6330,0,0,0,0
6331,0,0,0,0
6332,1,0,0,5
6333,0,0,1,4
6334,1,0,0,0
6335,0,0,0,0
6336,0,0,0,0
6337,0,0,0,0
6338,0,0,0,0
6339,0,0,0,0
6340,0,0,0,0
6341,0,0,3,0
6342,0,0,0,0
6343,0,0,0,0
6344,0,0,0,0
6345,0,0,0,0
6346,0,0,0,1
6347,0,0,0,0
6348,0,0,0,0
6349,0,0,0,2
6350,0,0,0,0
6351,0,0,0,1
6352,0,0,0,0
6353,0,0,0,1
6354,0,0,0,0
6355,0,0,0,0
6356,0,0,0,2
6357,0,0,0,0
6358,0,0,0,0
6359,0,0,0,0
6360,0,0,0,0
6361,0,0,0,0
6362,0,0,0,0
6363,0,0,0,0
6364,0,0,0,0
6365,0,0,0,0
6366,0,0,0,0
6367,0,0,0,0
6368,0,1,0,0
6369,1,2,6,5
6370,5,5,2,6
6371,0,0,0,0
6372,0,0,0,6
6373,0,0,0,0
6374,0,0,0,0
6375,0,0,0,0
6376,0,0,0,0
6377,0,0,0,0
6378,0,0,0,0
6379,0,2,3,5
6380,0,0,2,1
6381,2,4,7,7
6382,0,4,2,0
6383,0,1,0,1
6384,0,0,0,0
6385,0,0,0,0
6386,0,0,0,0
6387,0,0,0,0
6388,0,0,0,0
6389,0,1,3,1
6390,2,2,4,0
6391,0,0,0,0
6392,0,0,0,0
6393,0,0,0,0
6394,0,0,0,0
6395,0,0,0,0
6396,0,0,0,0
6397,0,0,0,0
6398,0,0,0,2
6399,0,0,0,0
6400,0,0,0,0
6401,0,0,1,0
6402,0,0,0,0
6403,0,0,0,0
6404,2,0,0,0
6405,0,0,0,0
6406,0,0,0,0
6407,0,0,0,0
6408,0,0,0,0
6409,0,0,0,0
6410,0,0,0,0
6411,0,0,0,0
6412,0,0,0,0
6413,0,0,0,0
6414,0,0,0,0
6415,0,0,0,0
6416,0,0,0,0
6417,0,0,0,0
6418,0,0,0,0
6419,0,0,0,0
6420,0,0,1,0
6421,0,0,1,0
6422,0,0,0,0
6423,0,0,0,1
6424,0,3,0,0
6425,0,0,0,0
6426,0,1,0,0
6427,0,0,0,0
6428,0,0,0,0
6429,0,0,0,0
6430,0,4,1,0
6431,0,0,0,0
6432,0,0,0,0
6433,1,0,0,1
6434,0,3,2,4
6435,0,0,0,0
6436,1,0,0,0
6437,0,0,0,0
6438,0,0,0,0
6439,0,0,0,0
6440,0,1,9,3
6441,0,0,0,0
6442,0,0,0,0
6443,0,0,0,0
6444,0,0,0,0
6445,0,0,0,0
6446,0,0,0,0
6447,0,0,0,0
6448,0,0,0,0
6449,0,0,0,0
6450,0,0,0,0
6451,0,0,0,0
6452,0,0,0,0
6453,0,0,0,0
6454,0,0,2,1
6455,0,0,0,0
6456,0,6,0,0
6457,0,0,0,0
6458,0,0,0,0
6459,0,0,1,0
6460,0,0,0,0
6461,0,0,0,0
6462,0,0,0,1
6463,0,0,0,0
6464,0,0,0,0
6465,2,0,10,5
6466,0,0,0,0
6467,0,0,0,0
6468,0,1,0,0
6469,0,0,0,0
6470,0,0,0,0
6471,0,0,0,0
6472,0,0,0,0
6473,0,0,0,0
6474,0,0,0,0
6475,0,0,0,0
6476,0,0,0,0
6477,0,0,0,0
6478,0,0,0,0
6479,0,0,1,0
6480,0,0,0,0
6481,0,0,0,0
6482,0,0,0,0
6483,0,0,0,0
6484,0,0,0,0
6485,0,0,0,0
6486,0,0,0,0
6487,0,0,0,0
6488,0,0,0,0
6489,0,0,0,0
6490,0,0,0,0
6491,0,0,0,0
6492,0,0,0,0
6493,0,0,0,0
6494,0,0,1,1
6495,0,0,0,0
6496,0,0,0,0
6497,0,0,0,0
6498,0,0,0,0
6499,0,0,0,0
6500,0,0,0,0
6501,0,0,0,0
6502,0,0,0,0
6503,0,0,0,2
6504,2,2,11,3
6505,1,0,3,1
6506,2,1,1,2
6507,1,2,0,0
6508,0,0,0,0
6509,0,0,0,0
6510,0,0,0,0
6511,0,0,0,0
6512,0,0,0,0
6513,0,0,0,0
6514,0,3,0,0
6515,0,0,0,0
6516,0,0,0,1
6517,0,0,0,0
6518,0,0,2,4
6519,0,0,0,2
6520,0,0,1,0
6521,3,0,1,0
6522,0,0,0,10
6523,0,0,0,0
6524,0,0,0,0
6525,0,0,0,0
6526,0,0,0,0
6527,0,0,0,0
6528,2,2,1,0
6529,0,1,2,4
6530,6,1,0,0
6531,0,0,0,0
6532,0,0,0,0
6533,0,0,0,0
6534,0,0,0,0
6535,0,0,0,0
6536,0,0,0,0
6537,2,1,0,0
6538,0,0,0,0
6539,0,0,0,0
6540,0,0,0,0
6541,0,0,0,1
6542,0,0,0,0
6543,0,0,0,0
6544,1,0,0,1
6545,2,0,0,0
6546,0,0,0,0
6547,0,0,0,0
6548,0,4,2,0
6549,0,0,0,0
6550,0,0,0,0
6551,0,0,2,0
6552,0,0,2,0
6553,0,0,0,0
6554,0,0,0,0
6555,0,0,0,0
6556,0,0,0,0
6557,0,0,0,0
6558,0,0,0,0
6559,0,1,1,0
6560,0,0,0,0
6561,0,0,0,0
6562,0,0,0,0
6563,0,0,0,0
6564,0,0,0,0
6565,0,0,0,0
6566,0,0,0,0
6567,0,0,0,0
6568,0,1,0,0
6569,0,0,0,0
6570,0,2,0,0
6571,0,0,3,0
6572,0,1,0,0
6573,1,0,2,0
6574,0,0,0,0
6575,0,0,0,0
6576,0,0,0,0
6577,0,1,2,1
6578,2,0,5,7
6579,0,0,0,0
6580,0,0,0,0
6581,1,0,0,0
6582,5,1,0,2
6583,1,0,0,0
6584,0,0,0,0
6585,0,0,0,0
6586,0,0,0,0
6587,0,0,0,0
6588,0,0,0,0
6589,0,0,0,0
6590,0,0,0,0
6591,0,0,0,0
6592,0,1,0,0
6593,0,0,0,0
6594,0,0,0,0
6595,0,0,0,0
6596,3,1,3,0
6597,0,0,0,0
6598,1,0,4,0
6599,0,0,1,2
6600,0,0,0,2
6601,0,0,0,0
6602,0,0,0,0
6603,1,0,0,0
6604,0,0,0,0
6605,0,0,0,0
6606,0,0,0,0
6607,0,0,0,0
6608,0,0,0,0
6609,9,3,17,2
6610,0,0,0,0
6611,0,0,0,0
6612,0,0,0,0
6613,0,0,0,0
6614,0,0,0,0
6615,0,0,0,0
6616,0,0,0,0
6617,0,0,0,1
6618,0,0,0,0
6619,0,0,0,0
6620,0,0,0,0
6621,0,0,0,0
6622,0,0,0,0
6623,1,6,0,0
6624,0,1,6,6
6625,0,0,0,0
6626,0,0,0,0
6627,0,0,0,0
6628,0,0,0,0
6629,0,0,0,0
6630,0,0,0,0
6631,0,1,0,0
6632,0,0,0,0
6633,0,0,0,0
6634,0,0,0,0
6635,0,0,0,0
6636,0,0,3,0
6637,0,0,0,0
6638,0,0,0,0
6639,0,0,8,6
6640,3,0,2,5
6641,0,0,0,0
6642,0,0,0,0
6643,0,0,0,0
6644,0,0,0,0
6645,0,0,0,0
6646,0,0,0,0
6647,0,0,0,0
6648,5,5,15,4
6649,0,0,0,0
6650,4,4,0,4
6651,1,1,1,1
6652,0,0,0,0
6653,0,0,0,0
6654,3,1,2,2
6655,9,4,0,4
6656,1,6,5,8
6657,0,0,0,0
6658,0,0,0,0
6659,0,0,0,0
6660,0,0,2,0
6661,0,0,1,1
6662,0,1,2,6
6663,0,0,2,0
6664,0,0,0,0
6665,0,0,0,0
6666,0,0,0,0
6667,0,0,0,0
6668,0,0,0,0
6669,0,0,0,0
6670,0,0,0,0
6671,0,0,0,0
6672,0,0,0,0
6673,0,0,0,0
6674,0,0,0,0
6675,0,0,0,1
6676,0,0,0,0
6677,0,0,0,0
6678,0,0,0,1
6679,0,0,1,0
6680,0,0,0,0
6681,0,0,0,0
6682,0,0,0,0
6683,0,0,0,0
6684,1,0,1,1
6685,0,2,4,5
6686,4,0,1,3
6687,0,0,0,0
6688,0,0,0,0
6689,3,2,3,0
6690,0,0,0,0
6691,0,0,0,0
6692,0,0,0,0
6693,0,1,0,1
6694,0,0,0,0
6695,0,1,0,0
6696,3,0,1,0
6697,2,0,0,0
6698,0,0,0,0
6699,0,0,0,0
6700,1,0,4,2
6701,3,1,0,1
6702,0,1,0,0
6703,0,0,0,0
6704,0,0,0,0
6705,0,0,0,0
6706,1,0,0,4
6707,2,0,1,2
6708,0,0,0,0
6709,0,0,0,0
6710,0,0,0,0
6711,0,0,2,1
6712,0,0,0,2
6713,1,0,0,0
6714,0,0,0,0
6715,0,0,0,0
6716,0,0,0,0
6717,0,0,2,0
6718,0,0,5,0
6719,0,1,0,0
6720,0,0,0,0
6721,0,0,0,0
6722,0,0,0,0
6723,0,0,0,0
6724,0,0,0,0
6725,0,0,0,0
6726,0,0,0,0
6727,0,0,0,0
6728,0,0,0,0
6729,0,0,2,0
6730,0,0,0,0
6731,0,2,2,0
6732,0,0,0,0
6733,1,0,0,0
6734,0,2,5,2
6735,0,1,1,0
6736,0,0,2,0
6737,0,0,0,4
6738,0,5,4,2
6739,1,1,1,2
6740,0,0,0,0
6741,0,0,0,0
6742,0,0,0,0
6743,0,2,0,0
6744,1,6,0,3
6745,0,1,0,0
6746,0,0,0,0
6747,0,0,0,1
6748,0,0,0,0
6749,0,0,0,0
6750,0,1,1,2
6751,0,0,0,0
6752,0,0,0,0
6753,0,0,0,1
6754,0,0,0,0
6755,0,3,1,1
6756,1,1,0,0
6757,0,0,0,0
6758,0,0,0,0
6759,0,0,0,0
6760,0,0,0,0
6761,0,0,0,0
6762,0,0,5,2
6763,0,0,0,0
6764,0,0,0,0
6765,0,0,0,0
6766,0,0,0,0
6767,1,1,0,0
6768,0,0,0,0
6769,0,0,0,0
6770,0,0,0,0
6771,0,0,0,0
6772,0,0,0,0
6773,0,0,1,1
6774,0,0,0,0
6775,0,0,0,0
6776,0,0,0,0
6777,0,0,0,0
6778,0,0,0,0
6779,0,0,0,0
6780,0,0,0,0
6781,0,0,0,0
6782,0,0,0,0
6783,0,0,0,0
6784,0,0,0,0
6785,0,0,0,0
6786,0,0,0,0
6787,0,0,0,0
6788,0,0,0,0
6789,2,2,2,1
6790,1,0,0,0
6791,0,0,0,0
6792,0,0,0,0
6793,0,0,0,0
6794,0,0,0,0
6795,0,0,0,0
6796,0,0,0,0
6797,0,0,0,0
6798,3,0,0,0
6799,0,0,0,0
6800,1,0,0,0
6801,0,0,0,0
6802,0,0,1,3
6803,0,0,0,0
6804,0,0,0,1
6805,0,1,0,0
6806,0,0,0,0
6807,0,0,0,0
6808,1,0,6,0
6809,0,0,0,1
6810,8,1,2,1
6811,0,0,0,0
6812,1,0,1,3
6813,1,1,0,3
6814,3,3,1,0
6815,1,4,0,4
6816,1,0,1,1
6817,0,2,0,5
6818,2,2,2,0
6819,0,1,0,0
6820,0,0,0,0
6821,0,0,0,0
6822,0,0,0,0
6823,0,0,0,0
6824,0,0,0,0
6825,0,0,0,1
6826,7,1,7,4
6827,4,2,1,1
6828,6,3,5,5
6829,0,0,0,0
6830,4,2,1,1
6831,0,0,0,0
6832,0,0,0,0
6833,0,0,0,0
6834,0,0,0,0
6835,0,0,0,0
6836,0,0,0,0
6837,0,0,0,0
6838,1,0,0,2
6839,1,0,1,2
6840,2,6,3,2
6841,3,2,4,2
6842,2,2,2,2
6843,4,2,4,4
6844,2,13,6,11
6845,3,2,2,7
6846,2,2,1,1
6847,0,0,0,0
6848,0,1,3,0
6849,0,0,0,0
6850,0,0,0,0
6851,1,0,0,0
6852,1,0,0,0
6853,0,0,0,0
6854,0,0,0,3
6855,0,0,0,0
6856,0,0,0,1
6857,0,0,0,0
6858,0,0,0,1
6859,4,0,5,8
6860,4,1,7,10
6861,2,1,6,1
6862,3,4,3,4
6863,5,2,9,4
6864,6,6,12,16
6865,7,1,3,4
6866,0,0,0,0
6867,0,0,0,0
6868,0,0,0,0
6869,0,0,0,1
6870,2,4,1,3
6871,0,0,1,1
6872,0,2,0,0
6873,17,5,4,8
6874,4,3,5,13
6875,6,0,0,0
6876,0,0,0,0
6877,0,0,0,0
6878,0,0,0,0
6879,1,0,6,2
6880,2,3,1,0
6881,2,4,7,9
6882,4,9,11,11
6883,7,3,11,6
6884,6,9,12,18
6885,4,1,3,5
6886,1,0,1,2
6887,1,1,1,0
6888,0,0,0,0
6889,0,0,0,0
6890,0,0,0,0
6891,0,0,0,0
6892,3,0,2,0
6893,0,2,5,0
6894,1,5,2,1
6895,1,4,0,2
6896,7,3,6,8
6897,6,6,13,8
6898,1,4,1,9
6899,0,0,0,0
6900,0,0,0,0
6901,0,0,3,2
6902,4,4,2,1
6903,1,0,1,0
6904,4,1,4,5
6905,0,1,11,6
6906,0,1,3,2
6907,0,0,0,0
6908,0,0,0,0
6909,10,0,3,2
6910,0,0,0,0
6911,4,3,2,1
6912,0,0,1,0
6913,0,1,0,0
6914,0,1,1,0
6915,0,0,0,0
6916,0,0,1,2
6917,6,0,5,3
6918,5,13,5,7
6919,0,0,0,0
6920,0,0,0,0
6921,0,0,0,0
6922,1,0,1,0
6923,0,0,0,0
6924,0,0,0,0
6925,0,0,0,0
6926,4,4,7,4
6927,0,0,0,0
6928,0,0,0,0
6929,0,0,0,0
6930,0,0,0,1
6931,0,0,0,0
6932,0,0,6,10
6933,0,0,0,0
6934,0,0,0,0
6935,1,4,4,14
6936,0,0,0,0
6937,0,0,0,0
6938,0,0,0,0
6939,0,0,0,0
6940,0,0,0,0
6941,0,0,0,0
6942,0,0,0,0
6943,0,0,0,0
6944,0,0,0,0
6945,2,3,1,1
6946,0,0,0,0
6947,0,0,0,0
6948,0,0,0,0
6949,0,0,0,1
6950,0,0,0,0
6951,0,0,2,0
6952,0,0,0,0
6953,0,0,1,0
6954,0,0,0,0
6955,0,0,0,0
6956,0,3,3,2
6957,0,0,0,0
6958,0,0,1,0
6959,0,6,2,1
6960,0,0,0,0
6961,0,0,2,3
6962,0,0,0,0
6963,0,0,1,0
6964,0,1,0,0
6965,0,0,0,0
6966,0,0,0,0
6967,2,1,2,3
6968,0,0,0,0
6969,0,0,2,0
6970,4,1,1,3
6971,0,0,0,0
6972,0,0,0,0
6973,0,1,0,0
6974,0,0,0,0
6975,0,0,0,0
6976,0,0,0,0
6977,0,0,0,0
6978,0,2,1,2
6979,0,4,7,8
6980,0,0,0,0
6981,0,0,0,0
6982,1,0,1,2
6983,6,7,8,11
6984,1,3,5,3
6985,2,2,6,2
6986,0,0,0,0
6987,0,0,0,0
6988,0,0,0,10
6989,4,4,3,1
6990,0,0,0,0
6991,0,0,0,0
6992,0,0,2,0
6993,0,0,0,2
6994,0,0,0,1
6995,6,4,6,2
6996,0,0,0,0
6997,6,8,13,13
6998,9,12,4,5
6999,1,2,1,1
7000,2,6,8,6
7001,1,0,6,2
7002,1,2,5,7
7003,1,12,6,6
7004,0,0,0,0
7005,0,0,0,0
7006,0,1,1,1
7007,1,1,3,7
7008,0,0,0,0
7009,0,0,0,0
7010,2,1,3,2
7011,7,7,1,6
7012,0,0,0,0
7013,0,0,0,0
7014,0,1,1,0
7015,0,1,0,0
7016,5,3,4,5
7017,0,2,2,1
7018,0,0,0,0
7019,0,0,0,2
7020,0,10,9,5
7021,1,0,4,1
7022,0,0,0,0
7023,0,0,0,1
7024,2,0,2,0
7025,0,0,0,0
7026,0,0,0,0
7027,0,0,0,1
7028,0,0,0,0
7029,0,0,0,0
7031,0,0,0,0
7032,0,3,0,0
7033,1,9,4,6
7034,1,9,5,6
7035,2,3,3,3
7036,0,0,0,0
7037,2,2,9,5
7038,0,2,2,2
7039,0,0,0,0
7040,0,0,0,0
7041,0,0,0,0
7042,0,0,0,0
7043,0,0,0,0
7044,0,0,0,0
7045,0,0,0,0
7046,0,0,0,0
7047,2,0,5,0
7048,3,3,9,3
7049,1,1,3,6
7050,4,5,12,5
7051,0,0,0,0
7052,0,0,0,0
7053,0,2,6,7
7054,2,0,4,4
7055,0,0,0,0
7056,0,0,0,0
7057,0,1,1,1
7058,0,0,2,1
7059,2,0,5,1
7060,4,1,4,8
7061,0,0,0,0
7062,0,0,0,0
7063,0,0,0,0
7064,0,0,0,0
7065,0,0,0,0
7066,0,0,0,0
7067,0,0,0,0
7068,0,0,0,0
7069,0,0,0,0
7070,0,0,0,0
7071,0,0,0,0
7072,0,0,0,0
7073,0,0,0,0
7074,0,0,0,1
7075,2,3,6,12
7076,1,0,8,0
7077,5,1,0,3
7078,0,0,0,0
7079,0,0,0,2
7080,0,1,0,0
7081,1,2,3,0
7082,0,0,0,0
7083,0,0,0,0
7084,0,0,0,0
7085,0,0,1,0
7086,0,0,0,0
7087,0,0,0,0
7088,0,0,0,0
7089,0,0,0,0
7090,0,0,0,0
7091,0,0,5,2
7092,0,1,4,1
7093,4,1,4,6
7094,2,6,8,6
7095,0,0,3,1
7096,0,0,0,0
7097,5,5,3,6
7098,2,2,0,0
7099,0,1,0,1
7100,1,0,6,2
7101,0,0,0,0
7102,0,0,0,0
7103,0,0,0,0
7104,0,0,0,0
7105,0,0,0,0
7106,0,0,0,0
7107,0,0,0,0
7108,0,0,0,0
7109,4,9,10,4
7110,7,12,7,9
7111,3,6,4,4
7112,5,4,7,8
7113,0,0,0,0
7114,0,0,0,1
7115,4,1,0,0
7116,3,12,7,4
7117,1,2,0,0
7118,0,0,0,6
7119,0,0,0,0
7120,0,0,0,0
7121,0,0,0,0
7122,0,0,0,0
7123,4,7,24,14
7124,4,5,5,16
7125,5,7,5,16
7126,3,4,2,5
7127,0,0,0,0
7128,3,0,1,3
7129,11,2,5,6
7130,7,1,14,11
7131,5,13,17,16
7132,0,0,0,0
7133,0,0,1,0
7134,0,0,0,0
7135,0,0,0,0
7136,0,0,0,0
7137,0,0,0,0
7138,0,0,0,1
7139,0,0,0,0
7140,0,0,0,0
7141,4,4,2,2
7142,2,3,5,9
7143,2,3,9,11
7144,1,5,2,2
7145,1,1,1,0
7146,5,11,8,2
7147,14,5,17,14
7148,4,4,17,19
7149,0,0,0,0
7150,0,0,0,0
7151,0,0,0,0
7152,0,0,0,0
7153,0,0,2,3
7154,0,0,0,0
7155,0,0,1,0
7156,0,0,0,0
7157,0,0,0,0
7158,0,1,1,0
7159,0,0,4,0
7160,0,0,0,0
7161,0,0,0,0
7162,0,0,0,0
7163,7,14,15,7
7164,1,6,10,1
7165,7,6,13,12
7166,5,3,14,3
7167,3,1,3,3
7168,0,0,0,0
7169,0,2,0,1
7170,0,0,0,1
7171,0,0,3,1
7172,0,2,8,0
7173,1,0,0,2
7174,0,0,12,0
7175,0,0,0,0
7176,0,0,0,0
7177,0,0,0,0
7178,0,0,0,0
7179,0,1,0,0
7180,0,0,0,0
7181,0,0,0,0
7182,0,0,0,0
7183,3,5,0,0
7184,0,0,0,0
7185,0,0,0,0
7186,1,4,0,5
7187,9,12,24,15
7188,3,13,5,6
7189,8,5,4,4
7190,1,0,0,1
7191,3,5,3,2
7192,2,6,7,5
7193,1,3,0,3
7194,0,0,2,0
7195,0,2,0,0
7196,0,0,0,0
7197,0,0,0,0
7198,2,1,0,0
7199,0,1,0,1
7200,6,8,5,1
7201,1,1,0,5
7202,5,18,10,10
7203,6,3,3,1
7204,1,0,0,0
7205,0,0,0,0
7206,0,0,0,1
7207,6,3,3,4
7208,3,2,5,0
7209,4,3,8,4
7210,0,0,0,0
7211,0,0,0,0
7212,8,16,15,8
7213,3,1,4,3
7214,0,0,0,0
7215,0,1,1,3
7216,5,8,6,11
7217,0,0,0,1
7218,2,5,2,6
7219,7,2,2,1
7220,3,0,1,3
7221,2,3,2,0
7222,0,3,0,0
7223,2,1,0,1
7224,5,4,4,8
7225,0,0,0,1
7226,0,0,0,0
7227,0,1,5,6
7228,1,3,0,1
7229,0,0,0,1
7230,0,0,0,0
7231,15,21,11,10
7232,1,0,6,3
7233,3,2,0,0
7234,1,1,2,0
7235,6,0,1,6
7236,0,1,0,0
7237,1,0,0,0
7238,0,0,2,8
7239,3,5,1,0
7240,0,0,0,0
7241,0,0,0,0
7242,0,0,0,0
7243,0,0,0,0
7244,0,0,0,0
7245,0,0,0,0
7246,0,0,0,0
7247,9,19,9,14
7248,5,5,6,7
7249,2,3,1,3
7250,0,2,0,0
7251,0,0,0,0
7252,0,0,0,0
7253,0,0,0,2
7254,0,0,0,0
7255,0,0,0,0
7256,0,0,0,0
7257,0,0,0,0
7258,0,0,0,0
7259,0,0,0,0
7260,0,0,0,0
7261,0,0,0,0
7262,0,0,0,0
7263,0,0,0,0
7264,0,3,2,1
7265,2,0,0,0
7266,0,0,0,0
7267,0,0,0,0
7268,0,0,0,0
7269,1,0,0,0
7270,1,1,0,0
7271,0,0,0,0
7272,1,1,0,1
7273,0,0,0,0
7274,1,0,0,1
7275,0,0,0,0
7276,0,0,0,0
7277,0,0,0,0
7278,2,0,1,5
7279,1,0,0,0
7280,0,0,0,0
7281,1,0,0,3
7282,0,0,0,0
7283,0,0,0,0
7284,0,0,0,0
7285,0,0,0,0
7286,3,5,3,6
7287,1,1,0,2
7288,0,0,0,0
7289,0,0,0,0
7290,0,0,0,22
7291,0,0,0,0
7292,0,0,0,0
7293,2,2,1,0
7294,8,10,8,5
7295,0,0,0,0
7296,0,0,1,1
7297,0,0,0,0
7298,0,0,0,0
7299,0,0,0,0
7300,0,0,0,0
7301,3,1,2,3
7302,0,2,5,3
7303,1,0,3,4
7304,1,0,0,0
7305,0,0,0,0
7306,0,4,0,5
7307,0,0,0,0
7308,4,4,4,1
7309,4,1,3,5
7310,0,0,0,0
7311,0,0,0,0
7312,0,0,0,0
7313,0,0,0,0
7314,8,5,4,3
7315,4,16,9,12
7316,0,0,0,0
7317,0,0,0,0
7318,0,0,0,0
7319,0,0,0,0
7320,3,0,0,2
7321,1,6,6,9
7322,7,3,6,1
7323,0,0,0,0
7324,0,0,0,0
7325,0,0,0,0
7326,0,0,0,0
7327,15,16,8,12
7328,5,10,9,6
7329,0,1,1,5
7330,0,0,0,0
7331,0,0,0,0
7332,0,0,0,0
7333,0,0,0,0
7334,0,3,6,2
7335,8,6,12,7
7336,1,0,1,0
7337,0,0,0,0
7338,0,0,0,4
7339,0,1,0,0
7340,0,0,0,0
7341,0,0,0,0
7342,4,7,4,0
7343,0,0,0,0
7344,10,10,16,5
7345,0,0,0,0
7346,0,1,0,1
7347,0,0,0,0
7348,4,2,1,5
7349,2,0,0,1
7350,0,0,0,0
7351,0,0,0,0
7352,0,0,0,0
7353,0,0,0,0
7354,10,7,13,9
7355,0,0,0,0
7356,0,0,0,0
7357,0,0,0,0
7358,4,4,5,2
7359,3,6,3,3
7360,0,0,0,0
7361,0,0,0,0
7362,0,1,1,1
7363,0,0,0,0
7364,9,5,11,10
7365,1,1,0,5
7366,0,0,0,0
7367,0,1,0,3
7368,0,0,0,0
7369,0,0,0,0
7370,1,7,0,0
7371,0,3,2,0
7372,8,13,15,18
7373,6,8,8,9
7374,0,3,0,6
7375,0,0,1,0
7376,0,0,0,1
7377,1,0,0,0
7378,1,5,0,0
7379,0,0,0,0
7380,0,0,0,0
7381,5,4,6,3
7382,2,6,16,11
7383,14,17,19,14
7384,1,0,1,5
7385,2,1,17,10
7386,0,0,0,0
7387,0,0,3,5
7388,3,16,12,11
7389,7,7,27,27
7390,4,10,3,6
7391,0,0,0,0
7392,0,0,0,0
7393,0,0,0,0
7394,0,0,1,0
7395,0,0,0,0
7396,9,6,12,10
7397,5,1,16,12
7398,1,0,0,3
7399,0,0,0,0
7400,0,7,0,0
7401,18,11,7,3
7402,7,7,1,2
7403,0,0,0,0
7404,0,0,0,0
7405,3,8,12,14
7406,5,3,19,35
7407,0,0,0,0
7408,0,0,0,0
7409,0,1,0,0
7410,6,5,0,2
7411,9,0,0,0
7412,0,0,0,0
7413,0,0,1,2
7414,1,2,0,8
7415,4,1,4,10
7416,5,3,6,5
7417,0,2,1,3
7418,0,0,0,0
7419,0,0,0,0
7420,0,0,0,0
7421,0,0,0,0
7423,0,0,0,0
7424,4,12,13,11
7425,1,8,4,0
7426,0,0,0,0
7428,0,0,0,0
7429,0,0,1,0
7430,0,0,0,0
7431,0,0,0,0
7432,1,3,0,3
7433,0,0,0,0
7434,0,0,0,0
7435,0,0,0,0
7436,1,0,0,0
7437,0,0,0,0
7438,1,1,15,17
7439,0,0,0,0
7440,2,1,0,0
7441,0,0,0,0
7442,0,0,0,0
7443,0,0,0,0
7444,2,2,1,1
7445,0,0,0,2
7446,0,2,0,0
7447,0,6,1,0
7448,0,0,0,0
7449,0,0,0,0
7450,1,0,0,1
7451,0,3,0,0
7452,0,0,0,0
7453,0,0,0,0
7454,0,0,0,0
7455,0,0,0,0
7456,4,5,8,6
7457,22,26,17,23
7458,11,5,8,2
7459,7,1,0,0
7460,4,6,1,0
7461,3,1,0,0
7462,0,0,0,0
7463,0,0,0,0
7464,0,0,0,0
7465,0,0,1,2
7466,0,2,0,0
7467,0,0,1,0
7468,0,0,0,0
7469,0,0,3,1
7470,21,17,11,15
7471,14,9,15,20
7472,1,0,0,0
7473,0,1,0,0
7474,0,0,0,0
7475,0,0,0,0
7476,0,0,1,1
7477,0,0,0,0
7478,0,0,0,0
7479,0,0,0,0
7480,10,8,8,9
7481,9,9,10,5
7482,0,0,0,0
7483,0,2,0,0
7484,0,0,0,0
7485,0,0,0,0
7486,0,0,0,0
7487,0,3,3,0
7488,2,1,0,0
7489,0,0,1,0
7490,0,0,0,0
7491,0,0,0,0
7492,0,0,0,0
7493,0,0,0,0
7494,0,0,1,0
7495,0,0,0,0
7496,0,0,0,1
7497,0,0,0,0
7498,2,0,0,0
7499,0,0,0,0
7500,0,0,0,0
7501,0,0,0,0
7502,0,0,0,0
7503,1,1,1,5
7504,0,0,0,0
7505,0,0,0,0
7506,0,0,0,0
7507,0,0,0,0
7508,0,0,0,3
7509,0,0,0,0
7510,0,0,0,0
7511,0,0,0,0
7512,0,0,0,0
7513,1,0,0,0
7514,0,0,0,0
7515,0,0,0,0
7516,0,0,0,0
7517,0,0,0,0
7518,0,0,0,0
7519,0,0,0,0
7520,3,2,2,0
7521,2,4,2,0
7522,0,0,0,0
7523,0,0,0,0
7524,0,0,0,0
7525,0,0,0,0
7526,0,0,0,0
7527,0,1,0,0
7528,6,1,2,2
7529,0,0,0,0
7530,0,0,0,0
7531,0,0,1,0
7532,0,0,2,0
7533,1,0,0,0
7534,0,0,0,1
7535,0,0,0,0
7536,0,0,0,0
7537,0,0,1,0
7538,1,0,0,0
7539,0,0,0,1
7540,0,0,0,1
7541,0,0,0,0
7542,0,0,0,0
7543,0,0,0,0
7544,2,1,0,1
7545,4,7,1,1
7546,0,0,0,0
7547,0,0,0,0
7548,0,0,0,0
7549,1,0,0,0
7550,0,0,0,0
7551,2,1,0,5
7552,0,0,0,0
7553,0,0,0,0
7554,4,1,0,0
7555,6,0,0,0
7556,0,4,0,0
7557,0,0,0,0
7558,0,0,0,0
7559,6,2,0,0
7560,0,0,0,0
7561,0,0,0,0
7562,0,0,0,0
7563,0,0,0,0
7564,0,0,0,0
7565,0,0,0,0
7566,1,0,0,0
7567,0,0,0,0
7568,0,0,0,0
7569,0,0,0,0
7570,0,0,0,0
7571,0,0,0,0
7572,0,1,0,0
7573,6,3,4,3
7574,6,7,5,1
7575,10,3,5,9
7576,0,7,4,0
7577,0,0,0,0
7578,0,0,0,0
7579,0,0,0,0
7580,0,1,0,0
7581,0,0,0,0
7582,0,0,0,0
7583,0,0,0,0
7584,1,0,0,0
7585,0,0,0,1
7586,12,3,3,1
7587,0,0,0,0
7588,9,0,0,1
7589,0,0,0,0
7590,0,0,0,0
7591,0,0,0,0
7592,0,0,0,0
7593,6,5,1,4
7594,3,2,3,3
7595,2,0,0,0
7596,0,0,1,0
7597,0,0,0,0
7598,0,1,0,4
7599,0,0,0,0
7600,0,0,0,0
7601,4,2,5,0
7602,15,4,2,0
7603,0,0,0,0
7604,0,0,0,0
7605,2,0,0,0
7606,0,0,0,0
7607,1,0,0,0
7608,1,2,0,0
7609,1,0,0,0
7610,1,2,0,0
7611,1,2,1,1
7612,1,1,2,1
7613,3,0,0,0
7614,0,0,0,0
7615,0,0,0,0
7616,0,0,0,0
7617,0,0,0,0
7618,0,0,0,0
7619,0,3,2,1
7620,0,0,0,0
7621,0,0,0,0
7622,0,0,0,0
7623,0,0,0,0
7624,0,0,0,0
7625,2,0,0,3
7626,0,0,0,0
7627,0,0,0,0
7628,0,0,0,0
7629,0,0,0,0
7630,0,0,0,0
7631,0,0,0,0
7632,0,0,0,0
7633,0,0,0,0
7634,0,0,1,0
7635,0,3,2,5
7636,0,0,0,0
7637,0,0,0,0
7638,0,0,0,0
7639,0,0,0,0
7640,0,0,0,0
7641,0,0,0,0
7642,0,0,0,0
7643,0,0,0,0
7644,0,0,0,0
7645,0,0,0,0
7646,1,0,0,0
7647,3,1,0,2
7648,0,1,0,1
7649,0,0,0,0
7650,0,0,0,0
7651,0,0,0,0
7652,0,1,0,0
7653,1,0,0,0
7654,0,0,0,0
7655,0,0,1,0
7656,0,4,0,0
7657,2,1,0,0
7658,2,1,0,2
7659,0,2,0,0
7660,0,0,0,0
7661,0,0,0,0
7662,0,0,0,0
7663,0,0,0,0
7664,0,0,2,0
7665,0,0,0,0
7666,0,0,0,0
7667,0,0,0,0
7668,0,0,0,0
7669,0,0,0,0
7670,0,0,0,1
7671,0,1,0,3
7672,0,0,0,0
7673,1,1,1,7
7674,1,0,3,5
7675,2,2,2,0
7676,0,0,0,0
7677,1,0,0,0
7678,0,0,0,0
7679,0,0,0,0
7680,0,0,0,0
7681,0,1,1,0
7682,0,0,0,0
7683,0,0,0,0
7684,0,0,0,0
7685,0,0,0,0
7686,0,0,0,0
7687,3,0,0,0
7688,0,0,0,0
7689,0,0,0,0
7690,0,1,1,0
7691,2,0,0,0
7692,6,2,4,9
7693,2,5,5,4
7694,2,0,3,0
7695,2,1,1,3
7696,0,0,0,0
7697,0,0,0,0
7698,0,0,0,0
7699,0,1,0,0
7700,0,0,0,0
7701,0,0,1,0
7702,0,0,0,0
7703,0,0,0,0
7704,0,0,0,0
7705,0,0,0,0
7706,0,0,0,0
7707,0,0,0,0
7708,0,0,0,0
7709,0,0,1,0
7710,7,5,3,0
7711,4,1,2,1
7712,3,6,1,1
7713,1,1,0,0
7714,0,1,0,0
7715,0,0,0,0
7716,0,0,0,0
7717,0,0,0,0
7718,0,0,0,0
7719,1,0,0,0
7720,6,2,3,0
7721,0,0,0,0
7722,3,1,2,2
7723,0,1,6,4
7724,1,6,1,10
7725,0,0,0,0
7726,1,0,0,1
7727,0,0,0,0
7728,0,0,0,0
7729,0,2,3,1
7730,0,0,0,0
7731,8,6,5,1
7732,0,0,0,0
7733,0,0,1,0
7734,6,9,11,11
7735,1,4,0,7
7736,0,1,2,5
7737,3,1,1,1
7738,0,0,0,0
7739,0,0,0,0
7740,0,0,0,0
7741,0,1,0,0
7742,0,0,0,0
7743,0,0,0,0
7744,9,9,6,11
7745,12,12,34,35
7746,5,0,1,8
7747,2,0,0,0
7748,6,0,2,8
7749,7,1,6,2
7750,0,1,1,0
7751,0,0,0,0
7752,3,1,5,3
7753,0,1,9,3
7754,4,7,18,16
7755,0,0,0,0
7756,6,3,0,0
7757,0,0,0,2
7758,0,1,0,0
7759,0,0,0,0
7760,0,0,0,0
7761,0,0,0,0
7762,0,0,1,0
7763,0,0,0,0
7764,0,0,0,0
7765,0,0,0,0
7766,0,0,0,0
7767,0,0,0,0
7768,0,0,0,0
7769,1,2,0,0
7770,1,0,0,0
7771,0,0,0,0
7772,0,0,0,0
7773,0,0,0,0
7774,0,0,0,0
7775,0,0,0,0
7776,0,0,0,0
7777,0,0,0,0
7778,0,0,0,0
7779,0,1,2,0
7780,2,6,4,1
7781,0,0,0,0
7782,0,0,0,0
7783,0,0,0,0
7784,0,0,0,0
7785,0,0,0,0
7786,0,0,0,0
7787,0,0,0,0
7788,0,0,0,0
7789,0,0,0,0
7790,7,1,10,6
7791,0,0,0,0
7792,0,0,0,0
7793,2,1,10,18
7794,2,1,1,1
7795,2,1,2,1
7796,0,0,0,0
7797,0,0,1,0
7798,0,0,0,0
7799,0,0,0,0
7800,5,2,5,12
7801,4,1,9,7
7802,0,1,1,0
7803,0,0,0,0
7804,0,0,0,0
7805,0,0,0,0
7806,0,0,0,0
7807,4,1,1,3
7808,0,0,0,0
7809,0,0,0,0
7810,0,0,3,0
7811,10,2,2,0
7812,0,0,0,0
7813,0,0,0,1
7814,0,0,6,0
7815,0,0,0,0
7816,4,6,15,3
7817,0,4,6,8
7818,0,1,6,0
7819,7,1,4,3
7820,0,0,0,1
7821,0,0,0,0
7822,2,0,0,0
7823,0,0,0,0
7824,0,0,0,0
7825,0,0,0,0
7826,0,0,0,0
7827,1,0,0,0
7828,1,0,1,1
7829,0,0,0,0
7830,0,0,0,0
7831,0,0,2,1
7832,0,2,0,0
7833,0,0,0,0
7834,5,0,0,0
7835,0,0,0,0
7836,0,0,0,0
7837,0,0,0,0
7838,0,0,0,0
7839,0,0,0,0
7840,0,0,0,0
7841,0,0,0,0
7842,0,0,0,0
7843,19,5,3,4
7844,0,1,0,1
7845,0,0,0,0
7846,0,0,0,0
7847,0,0,0,0
7848,0,0,0,0
7849,0,0,0,0
7850,0,0,1,0
7851,0,0,0,0
7852,3,0,0,2
7853,0,10,1,2
7854,0,0,0,0
7855,0,3,2,1
7856,0,0,0,0
7857,0,0,0,0
7858,0,3,3,4
7859,0,2,0,0
7860,1,2,10,0
7861,3,2,0,0
7862,1,0,1,0
7863,12,7,2,5
7864,3,2,0,0
7865,0,0,0,0
7866,0,0,0,0
7867,0,0,0,0
7868,0,0,0,2
7869,7,2,1,3
7870,0,0,0,0
7871,1,0,0,0
7872,5,0,4,0
7873,3,3,0,1
7874,0,0,0,0
7875,0,0,0,0
7876,0,0,0,0
7877,0,0,0,0
7878,0,0,0,0
7879,0,0,0,0
7880,0,0,0,0
7881,0,0,0,0
7882,0,0,0,0
7883,4,0,0,0
7884,0,1,3,0
7885,4,1,0,4
7886,1,7,3,1
7887,0,0,1,0
7888,0,0,0,0
7889,0,0,0,0
7890,0,1,0,2
7891,0,0,0,0
7892,14,2,3,3
7893,0,0,0,0
7894,0,0,0,2
7895,8,5,2,7
7896,1,1,1,1
7897,2,4,1,1
7898,0,0,4,1
7899,3,0,0,0
7900,0,0,0,0
7901,0,0,0,0
7902,0,3,0,0
7903,1,0,5,1
7904,7,1,9,1
7905,0,0,0,0
7906,0,0,0,0
7907,0,0,0,0
7908,7,8,7,3
7909,0,0,0,0
7910,3,0,0,2
7911,4,9,6,6
7912,6,6,2,5
7913,1,3,4,3
7914,1,0,0,2
7915,9,5,3,1
7916,13,5,5,4
7917,2,4,1,0
7918,0,1,1,0
7919,0,0,0,0
7920,0,0,0,0
7921,0,0,0,0
7922,0,0,0,2
7923,19,2,3,2
7924,7,4,7,0
7925,2,0,2,0
7926,4,1,0,0
7927,0,4,0,1
7928,0,0,0,0
7929,0,0,0,0
7930,1,1,0,0
7931,0,0,0,0
7932,0,0,0,0
7933,0,0,0,0
7934,4,1,0,0
7935,0,0,0,0
7936,0,0,0,0
7937,0,2,0,0
7938,0,0,0,0
7939,1,14,6,2
7940,0,0,1,0
7941,5,2,1,1
7942,0,0,0,0
7943,1,1,0,1
7944,1,0,0,0
7945,0,0,0,0
7946,1,0,0,0
7947,0,0,0,0
7948,0,0,0,0
7949,0,1,0,0
7950,0,0,0,0
7951,0,3,2,1
7952,0,0,0,0
7953,0,0,0,0
7954,0,0,2,6
7955,0,0,0,0
7956,0,0,0,0
7957,0,0,0,1
7958,0,0,0,0
7959,2,0,0,1
7960,0,0,0,1
7961,0,0,0,0
7962,0,0,0,0
7963,0,0,1,0
7964,0,0,0,0
7965,0,0,0,0
7966,0,0,0,0
7967,0,0,0,0
7968,0,0,0,0
7969,0,0,0,0
7970,0,0,0,0
7971,0,0,0,0
7972,0,0,2,1
7973,0,0,0,0
7974,0,0,0,3
7975,0,0,0,0
7976,0,0,0,0
7977,0,0,0,0
7978,0,0,0,0
7979,0,0,1,6
7980,0,0,1,0
7981,0,0,1,0
7982,0,0,0,1
7983,0,0,5,7
7984,0,0,0,0
7985,0,0,0,0
7986,4,1,0,0
7987,0,0,0,0
7988,0,0,0,0
7989,0,0,0,0
7990,0,0,5,2
7991,0,0,0,0
7992,0,0,0,0
7993,0,0,0,0
7994,0,0,0,0
7995,0,0,0,0
7996,2,0,0,1
7997,1,0,0,0
7998,0,1,0,0
7999,0,0,0,0
8000,0,2,1,2
8001,0,4,8,3
8002,0,0,0,0
8003,0,0,1,0
8004,0,0,0,0
8005,5,3,4,1
8006,4,0,5,1
8007,0,1,2,0
8008,0,0,0,0
8009,0,0,0,0
8010,0,0,0,0
8011,0,0,0,0
8012,0,0,0,4
8013,0,2,0,0
8014,0,0,0,1
8015,0,0,0,0
8016,1,1,5,0
8017,1,2,0,0
8018,0,0,0,0
8019,0,0,0,0
8020,0,0,0,0
8021,0,0,0,0
8022,0,0,0,0
8023,0,0,0,0
8024,0,0,0,0
8025,0,0,0,0
8026,0,0,0,0
8027,0,0,0,0
8028,0,0,0,0
8029,0,0,0,0
8030,2,0,0,0
8031,0,0,0,0
8032,0,0,0,3
8033,0,0,0,0
8034,0,0,4,0
8035,0,0,0,0
8036,0,0,0,0
8037,0,0,0,0
8038,0,0,0,0
8039,0,0,0,0
8040,0,0,0,0
8041,0,0,0,0
8042,0,0,0,0
8043,0,0,0,0
8044,0,0,0,0
8045,0,0,0,0
8046,0,0,0,0
8047,0,0,0,0
8048,4,1,0,0
8049,4,0,0,0
8050,8,4,0,2
8051,0,2,0,0
8052,1,0,1,0
8053,0,0,0,1
8054,0,0,0,0
8055,0,0,0,0
8056,0,0,1,0
8057,0,0,2,1
8058,1,3,1,0
8059,0,3,0,0
8060,1,0,0,0
8061,1,0,0,0
8062,0,0,0,0
8063,0,0,1,0
8064,0,0,0,1
8065,0,0,0,0
8066,0,0,1,0
8067,3,2,1,0
8068,0,0,0,0
8069,0,0,0,0
8070,2,0,0,0
8071,0,0,0,0
8072,0,0,0,0
8073,0,0,0,0
8074,0,0,0,0
8075,0,0,0,0
8076,0,3,2,0
8077,4,4,0,0
8078,2,1,0,0
8079,6,1,0,3
8080,0,5,1,0
8081,0,0,0,0
8082,2,1,0,0
8083,1,1,11,6
8084,0,0,0,0
8085,0,0,0,0
8086,0,4,2,0
8087,2,4,7,9
8088,0,0,0,0
8089,0,0,0,1
8090,0,0,0,0
8091,0,0,0,1
8092,0,0,0,0
8093,0,4,0,0
8094,0,3,1,1
8095,0,0,0,0
8096,0,0,0,0
8097,0,0,0,0
8098,0,0,0,0
8099,0,0,0,0
8100,0,0,0,0
8101,0,0,0,0
8102,0,0,0,0
8103,0,0,0,0
8104,0,0,0,0
8105,0,0,0,0
8106,0,0,0,0
8107,0,0,0,0
8108,0,2,1,0
8109,0,0,0,0
8110,2,0,0,0
8111,0,0,1,2
8112,0,0,0,0
8113,0,0,0,0
8114,1,0,1,0
8115,0,0,0,0
8116,0,0,0,0
8117,0,0,0,0
8118,0,0,0,0
8119,0,0,0,0
8120,0,0,0,0
8121,0,0,0,0
8122,0,0,0,0
8123,3,0,1,0
8124,0,0,0,0
8125,0,0,0,0
8126,0,0,0,0
8127,3,3,0,0
8128,8,11,3,0
8129,0,0,0,0
8130,0,0,0,0
8131,0,0,0,0
8132,1,2,0,2
8133,0,0,0,1
8134,0,0,0,0
8135,0,0,1,1
8136,2,0,0,0
8137,0,3,0,1
8138,0,0,0,0
8139,0,1,0,0
8140,0,0,0,0
8141,0,0,0,0
8142,8,0,1,1
8143,0,1,0,0
8144,0,0,0,0
8145,0,0,1,1
8146,2,3,1,0
8147,0,0,0,0
8148,0,0,0,0
8149,1,0,0,1
8150,0,0,0,0
8151,0,0,0,0
8152,0,8,1,0
8153,4,2,0,0
8154,2,1,1,6
8155,3,3,2,1
8156,5,5,0,0
8157,2,9,6,1
8158,4,0,7,0
8159,0,0,0,0
8160,6,2,0,1
8161,7,6,5,1
8162,0,0,0,0
8163,0,0,0,0
8164,0,0,0,0
8165,2,2,4,4
8166,0,1,0,1
8167,3,11,15,8
8168,15,19,8,6
8169,10,7,2,1
8170,0,1,0,0
8171,2,0,5,6
8172,4,8,8,3
8173,1,5,3,0
8174,4,10,10,4
8175,10,17,23,6
8176,4,20,15,8
8177,2,3,3,3
8178,2,5,5,0
8179,0,6,3,6
8180,5,12,9,6
8181,5,7,12,9
8182,0,0,0,3
8183,0,0,0,0
8184,0,4,3,0
8185,7,15,8,6
8186,0,0,0,0
8187,4,3,2,1
8188,0,0,0,0
8189,1,2,5,0
8190,0,0,1,0
8191,4,1,7,3
8192,7,5,5,6
8193,2,9,10,1
8194,5,4,5,2
8195,2,4,8,4
8196,6,1,14,5
8197,7,16,15,7
8198,0,5,1,1
8199,0,0,0,0
8200,5,4,2,5
8201,0,4,4,3
8202,0,0,0,0
8203,0,0,0,0
8204,1,5,3,6
8205,2,3,4,3
8206,1,1,3,0
8207,4,3,2,4
8208,1,1,6,6
8209,4,10,7,5
8210,3,7,9,9
8211,0,0,0,0
8212,2,5,1,3
8213,0,4,1,0
8214,0,0,0,0
8215,0,0,0,0
8216,0,0,0,0
8217,0,0,0,0
8218,3,0,1,0
8219,3,2,2,0
8220,6,9,12,5
8221,4,11,12,6
8222,4,11,14,8
8223,5,4,1,3
8224,2,1,5,2
8225,0,0,1,5
8226,0,0,0,0
8227,0,0,0,0
8228,0,0,0,0
8229,0,0,0,0
8230,0,0,1,0
8231,1,0,0,0
8232,0,0,0,0
8233,0,0,1,0
8234,2,4,1,4
8235,7,5,5,0
8236,0,2,3,0
8237,0,1,1,7
8238,0,0,0,0
8239,1,4,1,0
8240,2,4,5,1
8241,0,9,1,5
8242,0,3,0,1
8243,3,3,1,1
8244,3,8,3,0
8245,2,1,2,3
8246,0,2,1,0
8247,0,0,0,0
8248,0,1,0,3
8249,1,0,0,0
8250,1,3,3,6
8251,6,4,1,0
8252,1,0,1,0
8253,7,2,2,0
8254,0,0,0,0
8255,0,2,0,0
8256,7,4,5,6
8257,16,8,11,1
8258,12,4,5,5
8259,0,0,0,0
8260,0,0,0,0
8261,1,2,0,0
8262,0,0,0,0
8263,0,0,0,0
8264,0,0,0,0
8265,0,0,0,1
8266,3,0,0,0
8267,0,1,0,0
8268,0,0,0,0
8269,0,0,0,0
8270,0,0,0,0
8271,0,2,0,0
8272,0,0,0,0
8273,0,0,0,0
8274,0,1,0,0
8275,0,0,1,0
8276,0,1,1,0
8277,1,2,0,0
8278,0,0,0,0
8279,0,0,0,0
8280,0,0,0,0
8281,2,2,0,0
8282,0,0,0,0
8283,0,0,0,0
8284,0,0,0,0
8285,0,0,0,0
8286,0,1,1,0
8287,0,0,0,0
8288,1,0,0,0
8289,0,0,0,0
8290,0,0,0,0
8291,0,0,0,0
8292,0,0,0,0
8293,0,0,0,0
8294,2,0,0,0
8295,0,0,0,0
8296,0,0,0,0
8297,3,2,1,1
8298,0,0,0,0
8299,0,0,0,0
8300,0,0,0,0
8301,0,0,0,0
8302,0,0,0,0
8303,0,1,0,0
8304,0,0,0,0
8305,0,0,0,0
8306,0,0,0,0
8307,0,0,0,0
8308,0,0,0,0
8309,0,1,1,0
8310,5,1,5,1
8311,3,0,0,0
8312,0,0,0,0
8313,0,0,0,0
8314,0,0,0,0
8315,0,0,2,0
8316,0,0,0,0
8317,1,0,2,1
8318,5,0,1,0
8319,0,0,0,0
8320,0,0,0,0
8321,6,1,1,0
8322,0,0,0,0
8323,0,0,0,0
8324,1,4,1,1
8325,0,0,0,0
8326,0,0,0,0
8327,0,0,0,0
8328,0,0,0,0
8329,0,0,0,0
8330,1,0,2,0
8331,3,2,3,3
8332,1,3,0,0
8333,0,0,0,0
8334,0,0,0,0
8335,0,0,0,0
8336,0,0,0,0
8337,0,0,0,0
8338,0,0,0,0
8339,0,1,2,0
8340,1,5,0,0
8341,3,1,2,1
8342,0,1,0,3
8343,0,0,0,0
8344,0,1,1,0
8345,0,0,0,0
8346,0,0,0,0
8347,0,0,0,0
8348,0,4,1,0
8349,0,0,0,0
8350,0,0,0,0
8351,0,0,0,0
8352,1,1,0,0
8353,0,0,0,0
8354,0,0,0,0
8355,0,0,0,0
8356,0,0,0,0
8357,0,0,4,1
8358,0,0,1,6
8359,0,2,13,6
8360,0,0,0,2
8361,0,0,1,0
8362,0,3,0,0
8363,0,0,0,0
8364,0,0,0,0
8365,0,1,0,0
8366,0,0,0,0
8367,0,0,0,0
8368,0,0,0,0
8369,0,1,0,0
8370,1,3,1,6
8371,1,1,0,0
8372,0,0,0,0
8373,0,0,0,0
8374,0,0,0,3
8375,0,0,2,0
8376,0,0,0,0
8377,1,0,0,0
8378,2,0,0,0
8379,0,0,0,0
8380,0,0,0,0
8381,0,0,1,0
8382,0,0,0,0
8383,0,0,0,0
8384,0,0,0,0
8385,0,0,0,0
8386,0,0,0,0
8387,0,0,0,0
8388,0,0,1,0
8389,0,0,0,0
8390,0,0,0,0
8391,0,0,0,0
8392,0,0,0,0
8393,1,0,1,1
8394,0,0,0,0
8395,1,0,0,0
8396,0,0,0,0
8397,0,6,3,0
8398,0,0,0,0
8399,0,0,0,0
8400,0,0,0,0
8401,0,0,0,0
8402,0,0,0,0
8403,0,0,1,1
8404,1,0,0,0
8405,1,0,0,0
8406,0,0,0,0
8407,0,0,0,0
8408,2,3,0,0
8409,2,2,0,0
8410,0,2,0,0
8411,0,2,2,0
8412,0,0,0,0
8413,1,0,1,0
8414,0,0,0,0
8415,0,2,5,0
8416,4,5,2,1
8417,5,2,0,0
8418,0,0,0,0
8419,0,0,0,0
8420,0,0,0,0
8421,3,5,0,0
8422,1,1,0,0
8423,0,0,0,0
8424,2,1,5,0
8425,0,0,0,0
8426,0,0,0,0
8427,0,0,0,0
8428,0,0,0,0
8429,0,1,1,0
8430,9,11,5,4
8431,0,0,2,0
8432,0,0,0,0
8433,0,0,0,0
8434,0,0,0,0
8435,2,0,0,0
8436,0,0,0,0
8437,0,0,0,0
8438,0,0,0,0
8439,0,0,0,0
8440,0,0,0,0
8441,0,1,2,0
8442,0,0,0,0
8443,1,2,5,3
8444,2,11,7,3
8445,10,4,2,4
8446,0,0,2,0
8447,0,0,0,0
8448,0,0,0,0
8449,0,0,0,0
8450,0,3,1,1
8451,3,8,5,5
8452,5,4,4,0
8453,0,0,0,0
8454,0,0,0,0
8455,0,0,0,0
8456,0,0,0,0
8457,0,1,0,0
8458,0,0,0,0
8459,0,0,0,0
8460,0,0,0,0
8461,0,0,0,0
8462,0,0,0,0
8463,0,0,0,2
8464,0,0,1,3
8465,0,0,0,0
8466,0,4,2,9
8467,3,1,3,2
8468,1,11,18,11
8469,0,0,0,0
8470,0,0,1,4
8471,0,0,0,4
8472,0,0,0,0
8473,0,0,2,1
8474,0,0,0,0
8475,0,0,0,0
8476,0,0,0,0
8477,0,0,0,0
8478,0,1,0,0
8479,0,0,0,0
8480,0,0,0,1
8481,0,0,0,0
8482,0,0,0,0
8483,0,0,0,0
8484,0,0,0,0
8485,0,0,0,0
8486,0,0,0,0
8487,1,1,0,6
8488,4,4,13,0
8489,0,0,0,0
8490,0,0,0,0
8491,0,0,0,0
8492,0,0,0,0
8493,0,0,0,0
8494,0,0,0,0
8495,0,0,0,0
8496,0,0,0,0
8497,0,0,0,0
8498,0,0,0,0
8499,0,0,0,0
8500,0,1,0,0
8501,0,0,0,0
8502,0,0,0,0
8503,0,0,0,0
8504,0,0,0,0
8505,0,0,0,0
8506,0,0,0,0
8507,0,0,0,0
8508,0,0,0,0
8509,0,0,1,0
8510,0,0,0,0
8511,0,0,0,2
8512,1,2,1,2
8513,6,4,1,0
8514,7,4,0,0
8515,0,0,0,0
8516,0,0,0,0
8517,0,0,0,0
8518,0,0,0,0
8519,0,0,0,0
8520,0,0,3,0
8521,0,0,0,0
8522,0,0,0,0
8523,0,1,0,0
8524,0,0,0,0
8525,0,0,0,0
8526,0,1,0,0
8527,0,0,0,0
8528,0,0,0,0
8529,0,0,0,0
8530,0,2,0,0
8531,0,0,0,0
8532,0,0,0,0
8533,1,0,0,0
8534,2,0,4,4
8535,0,0,0,0
8536,0,0,0,0
8537,0,0,2,0
8538,1,0,3,1
8539,0,3,12,7
8540,0,0,2,3
8541,0,0,0,0
8542,0,0,0,0
8543,0,0,0,0
8544,0,0,0,0
8545,0,0,0,0
8546,1,0,0,0
8547,0,2,0,0
8548,1,0,0,0
8549,0,1,1,0
8550,0,0,0,0
8551,0,0,0,0
8552,0,0,0,0
8553,0,0,0,0
8554,0,0,0,0
8555,0,0,1,0
8556,0,0,0,0
8557,0,1,0,0
8558,0,0,0,0
8559,0,0,0,0
8560,0,0,0,0
8561,0,0,0,0
8562,0,0,0,0
8563,0,0,1,0
8564,0,0,0,0
8565,0,0,0,0
8566,0,0,0,0
8567,0,1,0,0
8568,0,0,0,0
8569,3,1,3,5
8570,0,3,3,4
8571,0,0,1,0
8572,0,0,0,0
8573,1,0,0,0
8574,7,1,0,0
8575,0,0,0,0
8576,0,0,1,0
8577,0,0,0,0
8578,0,0,0,0
8579,1,0,0,0
8580,0,0,0,0
8581,0,1,0,0
8582,5,5,5,1
8583,1,5,1,2
8584,0,0,0,0
8585,0,0,0,0
8586,0,0,0,0
8587,0,0,0,0
8588,0,0,0,0
8589,0,0,0,0
8590,0,0,0,0
8591,4,1,0,1
8592,4,5,2,1
8593,0,1,1,0
8594,2,5,2,4
8595,0,0,0,0
8596,0,0,0,0
8597,0,0,0,0
8598,0,0,0,0
8599,0,0,0,0
8600,0,0,0,0
8601,0,0,0,0
8602,0,0,0,0
8603,4,2,1,4
8604,5,1,6,7
8605,1,2,2,2
8606,8,17,22,15
8607,0,4,1,1
8608,0,0,0,0
8609,0,0,0,0
8610,0,0,0,0
8611,2,2,4,0
8612,6,5,6,5
8613,1,9,4,5
8614,8,8,6,8
8615,0,2,3,1
8616,0,0,0,0
8617,0,0,0,0
8618,0,0,0,0
8619,0,0,0,0
8620,0,0,0,0
8621,0,0,0,0
8622,0,0,0,0
8623,0,0,0,0
8624,0,0,0,0
8625,0,0,0,1
8626,2,2,3,2
8627,3,7,6,2
8628,5,21,11,6
8629,4,10,24,12
8630,2,2,1,2
8631,0,0,0,0
8632,0,0,0,0
8633,0,0,0,0
8634,2,6,0,0
8635,0,1,0,0
8636,0,0,0,0
8637,0,0,0,0
8638,0,0,0,0
8639,0,0,0,0
8640,0,0,0,0
8641,0,1,0,0
8642,6,3,0,1
8643,1,3,9,3
8644,7,12,5,9
8645,5,4,8,3
8646,0,1,3,1
8647,0,4,1,0
8648,1,1,1,2
8649,2,2,0,0
8650,0,0,0,0
8651,0,0,0,0
8652,0,0,0,0
8653,0,0,0,0
8654,0,0,0,0
8655,0,0,0,1
8656,0,0,0,0
8657,0,0,0,0
8658,0,0,0,0
8659,0,0,0,0
8660,0,0,0,0
8661,0,0,0,0
8662,0,0,0,0
8663,2,2,0,0
8664,0,0,0,0
8665,0,0,0,0
8666,0,0,0,0
8667,0,0,0,0
8668,0,0,0,0
8669,0,0,0,0
8670,2,0,0,0
8671,0,0,0,0
8672,0,0,0,0
8673,0,0,0,0
8674,0,0,4,1
8675,0,0,0,0
8676,0,0,0,0
8677,0,1,0,0
8678,1,0,0,0
8679,0,1,0,0
8680,0,0,0,0
8681,0,0,0,0
8682,0,0,0,0
8683,0,0,0,0
8684,0,0,0,0
8685,0,0,0,0
8686,0,0,0,0
8687,0,0,0,0
8688,0,2,0,0
8689,0,0,0,0
8690,5,2,0,1
8691,1,6,4,1
8692,0,0,0,0
8693,5,3,11,5
8694,0,5,3,1
8695,1,2,1,0
8696,0,1,2,3
8697,0,0,0,0
8698,0,0,0,0
8699,0,0,1,1
8700,0,0,0,0
8701,0,0,0,0
8702,0,0,1,0
8703,0,0,0,0
8704,1,3,1,0
8705,0,0,0,0
8706,0,0,0,0
8707,1,0,0,0
8708,0,0,15,0
8709,0,0,0,0
8710,0,0,0,0
8711,0,0,0,0
8712,0,0,0,0
8713,0,0,3,1
8714,0,0,0,0
8715,0,0,0,0
8716,0,0,0,0
8717,0,0,0,0
8718,0,0,0,0
8719,0,0,0,0
8720,0,0,0,0
8721,0,0,0,0
8722,0,0,0,1
8723,0,0,0,0
8724,0,0,0,0
8725,4,1,0,9
8726,0,0,0,0
8727,5,1,2,2
8728,0,1,0,0
8729,0,0,0,0
8730,0,0,0,0
8731,1,1,0,0
8732,1,2,2,0
8733,4,8,8,2
8734,1,0,1,0
8735,0,0,0,0
8736,0,0,0,0
8737,0,0,0,0
8738,0,0,0,0
8739,0,0,0,0
8740,0,0,0,0
8741,0,0,0,0
8742,10,3,1,1
8743,7,4,1,5
8744,3,6,3,6
8745,0,0,0,0
8746,0,0,0,0
8747,0,0,0,0
8748,0,1,0,1
8749,0,0,0,0
8750,0,0,0,0
8751,0,0,0,0
8752,0,0,0,0
8753,0,0,0,1
8754,0,0,0,0
8755,0,0,0,0
8756,0,0,0,0
8757,0,0,0,0
8758,0,0,0,0
8759,2,3,0,0
8760,1,0,0,0
8761,2,0,0,0
8762,1,10,2,1
8763,4,5,18,3
8764,2,2,4,2
8765,0,0,0,0
8766,0,0,0,0
8767,5,0,2,0
8768,0,0,2,1
8769,5,3,5,2
8770,0,0,0,0
8771,0,0,0,0
8772,0,0,0,0
8773,0,0,0,1
8774,0,0,0,0
8775,2,2,4,0
8776,3,1,0,4
8777,0,0,0,0
8778,0,0,0,0
8779,0,0,0,0
8780,8,8,9,9
8781,0,0,1,0
8782,0,0,0,0
8783,12,13,27,9
8784,7,8,10,15
8785,6,14,10,2
8786,1,3,1,0
8787,0,0,4,0
8788,0,2,4,1
8789,12,9,7,7
8790,19,20,13,5
8791,3,5,0,0
8792,0,2,3,0
8793,0,4,0,0
8794,1,6,0,0
8795,3,1,4,6
8796,0,0,0,0
8797,5,28,20,12
8798,5,11,17,2
8799,5,6,16,11
8800,5,4,7,1
8801,1,2,12,5
8802,7,7,4,0
8803,4,5,4,1
8804,0,0,0,0
8805,0,0,0,0
8806,0,0,0,0
8807,10,16,17,3
8808,5,7,12,10
8809,8,8,12,10
8810,0,6,7,1
8811,0,1,9,2
8812,10,9,7,4
8813,4,1,2,3
8814,0,0,0,0
8815,0,0,0,0
8816,19,10,3,5
8817,12,12,4,7
8818,2,3,0,0
8819,2,7,5,8
8820,2,0,0,1
8821,3,3,6,7
8822,4,4,6,1
8823,0,0,0,0
8824,0,0,0,0
8825,0,0,4,0
8826,0,0,0,0
8827,0,0,0,0
8828,0,0,0,0
8829,1,1,0,0
8830,0,0,0,0
8831,3,0,0,0
8832,0,1,3,0
8833,0,0,0,0
8834,0,0,1,0
8835,6,16,8,10
8836,0,0,0,0
8837,0,0,0,0
8838,0,0,0,0
8839,0,0,0,0
8840,0,0,0,0
8841,0,0,0,3
8842,0,0,3,4
8843,0,0,0,0
8844,0,0,4,4
8845,0,0,0,0
8846,0,0,0,0
8847,0,0,0,0
8848,0,0,0,0
8849,1,1,7,1
8850,0,3,1,0
8851,0,0,1,0
8852,2,1,2,0
8853,2,6,4,5
8854,0,0,0,0
8855,0,0,0,0
8856,0,0,0,0
8857,0,0,0,0
8858,0,0,0,0
8859,0,0,0,0
8860,0,0,0,0
8861,1,2,0,0
8862,0,0,0,0
8863,0,0,0,0
8864,0,0,0,0
8865,1,10,6,4
8866,0,3,0,0
8867,2,1,2,0
8868,4,5,3,4
8869,1,3,1,2
8870,2,14,15,10
8871,0,0,0,0
8872,0,0,0,0
8873,0,1,1,0
8874,2,8,1,0
8875,0,0,0,1
8876,0,0,0,0
8877,0,1,0,0
8878,1,8,0,0
8879,23,12,1,2
8880,1,0,2,0
8881,0,0,0,0
8882,3,6,1,0
8883,7,4,2,4
8884,4,13,0,0
8885,0,0,0,0
8886,0,0,0,0
8887,0,0,0,2
8888,0,0,0,0
8889,1,7,5,0
8890,0,0,0,0
8891,0,0,0,0
8892,0,0,0,0
8893,1,0,1,0
8894,0,0,0,0
8895,1,0,0,0
8896,0,0,0,1
8897,0,0,0,0
8898,0,0,0,0
8899,0,0,0,0
8900,1,0,0,0
8901,0,0,0,0
8902,0,0,0,0
8903,0,0,0,0
8904,1,1,2,4
8905,0,0,0,0
8906,0,0,0,0
8907,0,0,0,0
8908,0,0,0,0
8909,0,0,0,0
8910,0,0,0,0
8911,0,0,0,0
8912,0,0,0,0
8913,0,0,1,0
8914,0,0,0,0
8915,0,0,1,0
8916,0,0,0,0
8917,0,7,6,2
8918,0,5,4,7
8919,6,7,10,15
8920,3,4,0,1
8921,0,0,0,0
8922,4,10,6,6
8923,0,0,0,0
8924,0,0,2,1
8925,0,0,0,0
8926,0,0,0,0
8927,1,3,14,3
8928,1,0,0,2
8929,0,0,0,3
8930,0,0,0,0
8931,0,0,0,0
8932,0,0,0,0
8933,0,0,0,1
8934,0,0,0,0
8935,0,0,0,0
8936,16,8,5,2
8937,4,15,15,1
8938,0,0,0,0
8939,0,0,3,0
8940,1,3,1,0
8941,0,0,5,0
8942,0,0,2,0
8943,0,0,0,0
8944,0,0,0,0
8945,0,0,0,0
8946,0,1,0,0
8947,4,1,0,0
8948,0,0,0,0
8949,1,0,0,0
8950,0,0,0,0
8951,2,0,4,0
8952,5,0,0,0
8953,0,0,0,0
8954,1,4,5,0
8955,0,0,0,0
8956,0,0,5,1
8957,0,0,3,1
8958,0,1,0,0
8959,3,3,3,0
8960,0,0,0,0
8961,0,0,0,0
8962,0,0,0,0
8963,1,1,0,0
8964,0,2,3,1
8965,0,0,0,0
8966,0,0,1,0
8967,0,0,1,0
8968,2,0,0,0
8969,4,0,0,1
8970,3,1,8,0
8971,0,0,0,0
8972,0,0,0,0
8973,0,0,0,0
8974,0,0,0,0
8975,0,0,0,0
8976,1,5,3,1
8977,0,0,0,0
8978,0,0,0,0
8979,0,1,0,0
8980,5,4,6,1
8981,4,8,4,2
8982,3,4,1,0
8983,0,0,2,1
8984,0,0,3,1
8985,0,0,0,0
8986,0,0,0,0
8987,7,1,5,3
8988,3,3,4,5
8989,0,0,0,0
8990,0,0,0,0
8991,0,1,0,0
8992,0,0,0,0
8993,0,0,0,1
8994,0,0,1,0
8995,0,3,0,2
8996,0,0,0,0
8997,0,0,0,0
8998,0,0,0,0
8999,0,0,0,0
9000,0,0,0,0
9001,0,0,0,0
9002,4,13,4,3
9003,1,27,10,4
9004,4,4,13,11
9005,10,4,0,0
9006,7,5,9,7
9007,5,8,6,4
9008,0,0,0,0
9009,1,7,6,1
9010,6,16,22,17
9011,0,2,2,1
9012,3,7,4,2
9013,7,6,9,1
9014,0,0,0,0
9015,1,1,0,0
9016,10,7,5,5
9017,0,0,0,0
9018,6,4,5,2
9019,2,15,13,5
9020,0,0,0,0
9021,0,3,3,5
9022,0,0,0,0
9023,0,0,2,0
9024,0,0,0,0
9025,0,0,0,3
9026,0,1,11,3
9027,0,1,1,0
9028,0,0,0,2
9029,1,0,0,0
9030,0,0,0,0
9031,0,0,0,0
9032,0,0,0,0
9033,0,0,0,0
9034,0,0,0,0
9035,0,0,0,0
9036,0,0,0,0
9037,0,0,0,0
9038,0,5,0,1
9039,2,0,0,1
9040,0,0,0,0
9041,0,0,0,0
9042,0,4,1,0
9043,2,3,3,5
9044,2,1,0,0
9045,2,4,4,5
9046,0,0,0,0
9047,4,3,9,10
9048,0,0,0,0
9049,0,0,1,0
9050,0,0,0,0
9051,0,8,2,1
9052,1,0,4,2
9053,6,3,7,7
9054,0,0,2,1
9055,0,1,0,0
9056,4,10,7,3
9057,9,15,14,10
9058,9,4,15,6
9059,0,8,6,6
9060,0,11,7,5
9061,1,1,1,4
9062,0,0,0,0
9063,0,1,0,0
9064,0,3,13,11
9065,5,2,1,1
9066,9,8,11,3
9067,3,4,4,5
9068,8,3,2,1
9069,2,5,4,8
9070,6,2,6,2
9071,5,7,6,3
9072,0,0,0,0
9073,0,0,0,0
9074,2,5,3,2
9075,1,2,4,3
9076,4,8,4,9
9077,8,10,12,4
9078,5,8,10,9
9079,0,1,1,2
9080,0,3,1,1
9081,1,4,0,1
9082,4,12,6,4
9083,0,0,0,0
9084,0,0,0,0
9085,0,0,0,0
9086,0,0,0,0
9087,0,0,0,0
9088,1,2,1,2
9089,3,4,8,6
9090,6,9,13,7
9091,6,18,8,7
9092,0,8,6,0
9093,0,1,0,0
9094,0,0,1,0
9095,0,0,0,0
9096,0,0,1,0
9097,0,0,0,0
9098,1,0,1,2
9099,2,3,2,7
9100,0,6,1,2
9101,0,4,0,4
9102,1,3,2,0
9103,0,0,0,0
9104,0,1,0,1
9105,0,0,0,0
9106,0,0,0,0
9107,0,0,0,0
9108,0,0,1,0
9109,1,0,0,0
9110,0,0,0,0
9111,0,0,0,1
9112,0,2,0,0
9113,9,2,0,1
9114,0,0,0,0
9115,0,0,1,0
9116,0,0,0,0
9117,0,0,0,0
9118,0,0,0,0
9119,0,0,0,0
9120,0,0,0,0
9121,2,2,2,0
9122,0,0,0,0
9124,2,0,0,0
9125,0,0,0,1
9126,0,0,0,0
9127,0,0,0,0
9128,0,0,0,0
9129,0,0,0,0
9130,0,0,0,0
9131,0,0,0,0
9132,0,0,3,6
9133,0,0,1,2
9134,0,0,0,0
9135,0,0,0,0
9136,0,0,0,0
9137,0,0,0,0
9138,0,0,0,0
9139,0,0,0,0
9140,0,0,0,0
9141,0,0,0,0
9142,0,0,0,0
9143,0,0,0,0
9144,0,0,0,0
9145,1,2,1,1
9146,0,0,1,0
9147,0,0,0,0
9148,0,0,0,0
9149,0,1,0,0
9150,0,0,0,0
9151,0,0,0,0
9152,0,0,0,0
9153,0,0,0,0
9154,0,0,1,1
9155,0,0,0,0
9156,1,2,0,0
9157,0,0,0,11
9158,1,0,2,2
9159,1,1,0,0
9160,0,0,0,0
9161,3,2,0,0
9162,0,0,0,0
9163,0,0,5,0
9164,0,0,0,0
9165,1,0,0,0
9166,0,0,0,0
9167,0,1,3,1
9168,1,1,0,0
9169,2,0,0,1
9170,0,1,0,1
9171,0,0,0,0
9172,0,0,0,0
9173,0,0,0,0
9174,0,0,0,0
9175,0,0,0,0
9176,14,13,0,0
9177,0,0,0,0
9178,3,9,4,4
9179,0,0,0,0
9180,0,0,0,0
9181,0,0,0,0
9182,0,0,0,0
9183,0,0,0,0
9184,0,0,0,0
9185,0,0,0,0
9186,0,0,0,0
9187,2,5,1,0
9188,0,0,0,0
9189,0,0,0,0
9190,0,0,1,0
9191,0,0,1,0
9192,1,3,0,1
9193,0,0,0,0
9194,2,6,5,0
9195,1,3,0,0
9196,0,0,0,0
9197,1,0,1,0
9198,0,0,0,0
9199,0,0,0,0
9200,0,0,0,0
9201,0,0,0,0
9202,0,0,0,0
9203,0,0,0,0
9204,0,0,0,0
9205,1,0,0,0
9206,0,0,0,0
9207,0,0,0,0
9208,0,0,0,0
9209,0,0,0,1
9210,0,0,0,0
9211,0,0,0,0
9212,0,0,0,0
9213,0,0,0,0
9214,0,0,0,0
9215,1,0,0,0
9216,0,0,0,0
9217,0,0,0,0
9218,0,0,0,0
9219,9,0,0,0
9220,0,0,0,0
9221,0,0,0,0
9222,0,0,0,0
9223,0,0,0,0
9224,0,0,0,0
9225,0,0,0,0
9226,4,0,0,0
9227,1,1,0,0
9228,0,0,0,0
9229,0,0,0,0
9230,0,0,0,0
9231,0,0,0,0
9232,0,0,0,0
9233,0,0,0,0
9234,0,0,0,0
9235,0,0,0,0
9236,0,0,0,0
9237,0,0,0,0
9238,0,0,0,0
9239,0,0,0,0
9240,0,2,0,0
9241,1,1,0,0
9242,0,2,0,0
9243,1,0,0,0
9244,0,0,0,0
9245,0,0,0,0
9246,0,0,0,0
9247,0,0,0,0
9248,0,0,0,0
9249,2,0,0,0
9250,0,1,1,1
9251,0,0,0,0
9252,0,0,0,0
9253,0,0,0,0
9254,0,0,0,0
9255,0,0,0,0
9256,1,0,0,3
9257,1,0,0,0
9258,0,0,0,0
9259,1,1,0,0
9260,0,0,0,0
9261,0,0,0,0
9262,0,1,0,1
9263,0,0,0,0
9264,0,0,0,0
9265,0,0,0,0
9266,0,0,0,0
9267,0,0,0,0
9268,0,0,0,0
9269,2,1,0,0
9270,0,0,0,0
9271,0,0,0,0
9272,0,0,0,0
9273,0,0,0,0
9274,6,2,0,2
9275,21,3,0,3
9276,3,0,0,0
9277,0,0,0,0
9278,6,1,0,1
9279,1,0,0,0
9280,0,0,0,0
9281,1,0,0,0
9282,0,0,0,0
9283,0,0,0,0
9284,0,0,0,0
9285,1,0,0,0
9286,0,0,0,0
9287,0,0,0,0
9288,0,0,0,0
9289,0,0,0,0
9290,0,0,0,0
9291,0,0,0,0
9292,0,0,0,0
9293,0,0,0,0
9294,0,0,0,0
9295,0,0,0,0
9296,0,0,0,0
9297,0,0,0,0
9298,0,0,0,0
9299,0,0,0,0
9300,0,0,0,0
9301,0,0,0,0
9302,1,0,0,0
9303,0,0,0,0
9304,0,0,0,0
9305,0,0,0,0
9306,0,0,0,0
9307,0,0,0,0
9308,0,0,0,0
9309,0,0,0,0
9310,0,0,0,0
9311,1,0,0,0
9312,0,0,0,0
9313,0,0,0,0
9314,0,0,0,0
9315,0,0,0,0
9316,0,0,0,0
9317,0,0,0,0
9318,0,0,0,0
9319,0,0,0,0
9320,0,0,0,0
9321,0,0,0,0
9322,0,0,0,0
9323,0,0,0,0
9324,0,0,0,0
9325,0,0,0,0
9326,0,0,0,0
9327,0,0,0,0
9328,0,0,0,0
9329,0,0,0,0
9330,0,0,0,0
9331,0,0,0,0
9332,0,0,0,0
9333,0,0,0,0
9334,0,0,0,0
9335,0,0,0,0
9336,0,0,0,0
9337,0,0,0,0
9338,0,0,0,0
9339,0,0,0,0
9340,0,0,0,0
9341,0,0,0,0
9342,0,0,0,0
9343,0,0,0,0
9344,0,0,0,0
9345,0,0,0,0
9346,0,0,0,0
9347,0,0,0,0
9348,0,0,0,0
9349,0,0,0,0
9350,1,0,0,0
9351,0,0,0,0
9352,0,0,0,0
9353,0,0,0,0
9354,0,0,0,0
9355,0,0,0,0
9356,0,0,1,1
9357,0,0,0,0
9358,0,0,0,0
9359,0,0,0,0
9360,0,0,0,0
9361,0,0,0,0
9362,0,0,0,0
9363,0,0,0,0
9364,0,0,0,0
9365,0,0,0,0
9366,0,0,0,0
9367,0,0,0,0
9368,0,1,0,0
9369,0,0,0,0
9370,0,0,0,0
9371,0,0,0,0
9372,0,0,0,0
9373,0,0,0,0
9374,0,0,0,0
9375,0,0,0,0
9376,0,0,0,0
9377,0,0,0,0
9378,0,0,0,0
9379,0,0,0,0
9380,0,0,0,0
9381,0,0,0,0
9382,0,0,0,0
9383,2,0,0,0
9384,0,0,1,0
9385,0,0,0,0
9386,0,0,0,0
9387,0,0,0,0
9388,0,0,0,0
9389,0,0,0,0
9390,0,0,1,0
9391,0,0,0,0
9392,0,0,0,0
9393,0,0,0,0
9394,0,0,0,0
9395,0,0,0,0
9396,0,0,0,0
9397,0,0,0,0
9398,0,0,0,0
9399,8,6,3,0
9400,1,0,3,1
9401,13,12,10,9
9402,2,1,4,1
9403,1,0,7,3
9404,0,1,2,1
9405,0,1,0,0
9406,1,0,4,6
9407,11,7,13,9
9408,14,4,22,11
9409,9,5,7,5
9410,12,19,23,9
9411,3,0,0,0
9412,0,1,0,0
9413,9,4,11,12
9414,11,13,15,14
9415,13,10,8,3
9416,11,9,14,3
9417,2,0,0,1
9418,0,1,0,0
9419,1,1,7,1
9420,0,0,0,0
9421,0,0,0,0
9422,0,0,0,0
9423,2,5,7,2
9424,0,0,0,0
9425,0,0,0,0
9426,0,0,0,0
9427,0,0,0,0
9428,0,0,0,0
9429,0,0,0,0
9430,0,0,0,0
9431,0,0,0,0
9432,0,0,0,0
9433,0,0,0,0
9434,0,0,0,0
9435,0,0,0,0
9436,0,0,0,0
9437,0,0,0,0
9438,0,0,0,0
9439,0,0,0,0
9440,0,0,0,0
9441,0,0,0,0
9442,0,0,2,0
9443,0,0,0,0
9444,0,0,0,0
9445,0,0,0,0
9446,0,0,0,0
9447,0,0,0,0
9448,0,0,0,0
9449,0,0,0,0
9450,0,0,0,0
9451,1,0,2,0
9452,0,0,0,0
9453,0,0,0,0
9454,0,0,0,0
9455,0,0,0,0
9456,0,0,0,0
9457,0,0,0,0
9458,0,0,0,0
9459,0,0,0,0
9460,0,0,0,0
9461,0,4,1,0
9462,0,0,0,0
9463,0,0,0,0
9464,0,0,0,0
9465,0,0,0,0
9466,0,0,1,0
9467,0,0,0,0
9468,0,0,0,0
9469,0,0,0,0
9470,0,0,0,0
9471,0,0,0,0
9472,0,0,0,0
9473,0,0,0,0
9474,0,0,0,0
9475,0,0,0,0
9476,0,0,0,0
9477,0,0,0,0
9478,0,0,0,0
9479,0,0,0,0
9480,0,0,0,0
9481,0,0,0,0
9482,0,0,0,0
9483,0,0,0,0
9484,0,0,0,0
9485,0,0,0,0
9486,0,0,0,0
9487,0,0,0,0
9488,4,1,3,0
9489,7,14,18,11
9490,5,9,6,7
9491,3,7,0,0
9492,10,13,12,6
9493,14,24,28,38
9494,27,30,43,17
9495,8,9,7,6
9496,0,1,0,0
9497,9,12,17,15
9498,39,39,43,28
9499,5,4,9,4
9500,0,0,0,0
9501,0,0,0,0
9502,0,0,0,0
9503,0,0,0,0
9504,0,1,0,0
9505,2,0,0,0
9506,0,3,0,0
9507,1,1,0,1
9508,0,0,3,1
9509,0,0,0,0
9510,0,0,0,0
9511,0,0,0,0
9512,0,0,0,0
9513,0,0,0,1
9514,0,0,0,0
9515,0,0,0,0
9516,0,0,0,0
9517,0,0,0,0
9518,20,5,2,0
9519,0,0,0,0
9520,0,0,0,0
9521,4,0,2,4
9522,1,0,0,0
9523,0,0,0,3
9524,0,0,4,2
9525,0,1,0,1
9526,0,0,1,0
9527,0,0,0,1
9528,0,1,2,4
9529,1,1,0,1
9530,0,0,0,0
9531,0,0,0,0
9532,0,0,0,0
9533,0,1,0,0
9534,3,10,5,10
9535,0,0,0,0
9536,0,1,0,2
9537,0,0,0,1
9538,0,0,0,0
9539,0,0,0,0
9540,0,0,0,0
9541,1,0,2,4
9542,6,18,28,31
9543,3,2,3,0
9544,11,5,8,11
9545,6,7,18,18
9546,1,2,1,2
9547,3,12,11,17
9548,22,74,77,71
9549,9,29,24,36
9550,6,20,12,13
9551,1,13,6,14
9552,0,0,1,1
9553,0,1,0,0
9554,14,25,17,22
9555,33,60,87,57
9556,19,78,48,59
9557,9,25,22,19
9558,2,14,13,13
9559,0,0,0,0
9560,12,12,15,29
9561,21,42,81,65
9562,7,31,30,23
9563,12,32,40,33
9564,8,23,30,33
9565,0,0,0,0
9566,13,16,26,41
9567,19,45,61,44
9568,18,28,175,31
9569,7,19,40,29
9570,6,24,42,27
9571,8,37,28,33
9572,22,57,67,61
9573,22,34,25,37
9574,1,7,6,6
9575,0,0,0,0
9576,22,47,52,27
9577,28,91,58,72
9578,3,28,34,38
9580,4,17,30,12
9581,3,16,9,16
9582,0,2,0,2
9583,0,4,1,0
9584,0,0,0,0
9585,0,1,5,1
9586,0,0,1,1
9587,0,0,0,0
9588,0,0,0,0
9589,0,0,0,0
9590,4,2,3,4
9591,0,0,0,0
9592,0,0,0,0
9593,31,25,35,37
9594,3,18,22,8
9595,2,0,0,1
9596,0,0,0,0
9597,1,1,2,1
9598,5,9,10,10
9599,0,0,0,0
9600,0,0,0,0
9601,0,0,0,0
9602,0,0,0,0
9603,0,0,0,0
9604,0,0,10,3
9605,0,0,0,0
9606,0,0,0,0
9607,0,0,0,0
9608,0,0,0,0
9609,0,0,0,0
9610,0,0,0,0
9611,0,4,0,0
9612,1,8,0,0
9613,0,0,0,0